(1,1.3010850759905728)
(2,0.8703405690449455)
(3,0.7238036105902587)
(4,0.6521864014433153)
(5,0.6052759995508831)
(6,0.5666279784836162)
(7,0.5283137963522525)
(8,0.4860337446243767)
(9,0.44113472992146774)
(10,0.39722070029238354)
(11,0.35528779860576937)
(12,0.32578707788960365)
(13,0.2776015977109472)
(14,0.26196805077484636)
(15,0.2367835956311537)
(16,0.2182764030215763)
(17,0.20207877571418376)
(18,0.18439520863228698)
(19,0.16830246965763282)
(20,0.1563938353499926)
(21,0.14599015372405122)
(22,0.1406316516018105)
(23,0.13168469480037007)
(24,0.1284093647236023)
(25,0.12466652936154929)
(26,0.11464902055696316)
(27,0.11014976181662633)
(28,0.1062711821260108)
(29,0.10355808846503693)
(30,0.1019714985220678)
(31,0.09921340198803524)
(32,0.09754947369715458)
(33,0.09642114341811132)
(34,0.09495766143027061)
(35,0.09353262461448501)
(36,0.09268694925866493)
(37,0.09153365401096002)
(38,0.08967548623325601)
(39,0.08779772320095537)
(40,0.08545561523028891)
(41,0.08412243312960813)
(42,0.08360256907210403)
(43,0.08276263655280205)
(44,0.0818668028918666)
(45,0.08066829919822086)
(46,0.08022074487689045)
(47,0.07945523949676525)
(48,0.07817078072359378)
(49,0.07617698982317302)
(50,0.07465386216496955)
(51,0.07398468746844146)
(52,0.07316931808478987)
(53,0.07231062793493914)
(54,0.07177991674919586)
(55,0.07136177535192188)
(56,0.07101388892477871)
(57,0.07029433352863461)
(58,0.07002535377992856)
(59,0.06957372695848027)
(60,0.06902750267301755)
(61,0.06808625664275075)
(62,0.06779555121470757)
(63,0.0672874389199632)
(64,0.06686845363934814)
(65,0.06663594850840744)
(66,0.06623279352135254)
(67,0.0654895870431091)
(68,0.06491312731973174)
(69,0.06356179354607372)
(70,0.06332832097084369)
(71,0.06308171997171186)
(72,0.06264484238907354)
(73,0.06251473099575788)
(74,0.06151068283683798)
(75,0.06089338299790291)
(76,0.060697278283557206)
(77,0.06026409987416298)
(78,0.06011603242590033)
(79,0.05978859320445263)
(80,0.059366727580154585)
(81,0.0590399512867036)
(82,0.058854630903112465)
(83,0.058722563825967404)
(84,0.05851734133265359)
(85,0.058321434872247474)
(86,0.058220996183022886)
(87,0.05804423737466897)
(88,0.05773757438786722)
(89,0.05709568923433732)
(90,0.056450357721327095)
(91,0.05589384181848307)
(92,0.05568722350108849)
(93,0.0555824950182109)
(94,0.05538443929637203)
(95,0.055180430608233244)
(96,0.05485172933008539)
(97,0.05369326496259401)
(98,0.053394742419013014)
(99,0.053216343930686305)
(100,0.053124079702284846)
(101,0.052995009747089636)
(102,0.05280430462406473)
(103,0.05223542860663175)
(104,0.05198451077179618)
(105,0.05191237785490745)
(106,0.05174382918156166)
(107,0.05147070156617977)
(108,0.05134672523750558)
(109,0.05125940831544254)
(110,0.05117859668071833)
(111,0.05099073337258877)
(112,0.050914838117292534)
(113,0.050838612422052176)
(114,0.05067074592796201)
(115,0.0502492699889539)
(116,0.049962392890054774)
(117,0.04985355856727955)
(118,0.04979170143872834)
(119,0.04967414147921279)
(120,0.049602220493330365)
(121,0.04956375928993202)
(122,0.04946962855505859)
(123,0.04929571251254983)
(124,0.049010419681216666)
(125,0.04860265059890184)
(126,0.04853886126677405)
(127,0.04845117212544327)
(128,0.04830395902331012)
(129,0.04820370735614576)
(130,0.0481579646157633)
(131,0.048061225447867895)
(132,0.04796686664342427)
(133,0.047801187156566935)
(134,0.04774833553331259)
(135,0.04762531521442593)
(136,0.047393768807699056)
(137,0.047040189949068695)
(138,0.04690708774561394)
(139,0.04682298886358546)
(140,0.046751217959584083)
(141,0.04670162872242359)
(142,0.04660399228936988)
(143,0.04642516340250391)
(144,0.046110821535576316)
(145,0.045592211643587656)
(146,0.04545775985102092)
(147,0.045331051951537533)
(148,0.045248046277969085)
(149,0.04520524765638491)
(150,0.0451397594917657)
(151,0.04508472776573623)
(152,0.0449840695338881)
(153,0.04483951842969135)
(154,0.04474427027551603)
(155,0.04469640239984834)
(156,0.04458099239955651)
(157,0.044370234788567386)
(158,0.044054699783676175)
(159,0.043936708384093526)
(160,0.04388691856251884)
(161,0.04378532175750319)
(162,0.04359720887447781)
(163,0.04324155222042209)
(164,0.04312426933353194)
(165,0.043047239456314126)
(166,0.04297088356602483)
(167,0.0429105278883505)
(168,0.042873891275371966)
(169,0.042808037114003834)
(170,0.042693076901363744)
(171,0.042521810581502555)
(172,0.042343679773486874)
(173,0.04226546272896621)
(174,0.04209443966816753)
(175,0.0420186557907022)
(176,0.041961091340264586)
(177,0.04191604191656143)
(178,0.041875739164950014)
(179,0.041785014635996674)
(180,0.041750416938144096)
(181,0.04171411614994195)
(182,0.0415918264129605)
(183,0.04136478930375671)
(184,0.04118286022464566)
(185,0.04093795458609893)
(186,0.040830199606009594)
(187,0.04076172691482132)
(188,0.040710986508751164)
(189,0.04067750789402177)
(190,0.040605363308188334)
(191,0.0404687573229204)
(192,0.04023977059701623)
(193,0.040155613996861496)
(194,0.04007256325094889)
(195,0.04002568884619258)
(196,0.039949968932533386)
(197,0.039865238458829236)
(198,0.039816203305002885)
(199,0.039719887231480934)
(200,0.03964030792151329)
(201,0.03949821357949927)
(202,0.03946933716966882)
(203,0.039404824340120916)
(204,0.0392981887794895)
(205,0.039149879292363826)
(206,0.03908008164562833)
(207,0.03903788396048874)
(208,0.039003724188423544)
(209,0.038981360756779465)
(210,0.038933752004662876)
(211,0.03884573825905969)
(212,0.038685017367115444)
(213,0.038485690218717485)
(214,0.03842228879953991)
(215,0.03834432108582328)
(216,0.03830893211356788)
(217,0.03829223598828858)
(218,0.03825198356038403)
(219,0.03817840414220341)
(220,0.03805650740709813)
(221,0.03785464595176657)
(222,0.0376772940795023)
(223,0.03752041649600954)
(224,0.037477398694355804)
(225,0.03745284438988179)
(226,0.03739720219788428)
(227,0.03729220067651862)
(228,0.037110750875010576)
(229,0.03704423393416363)
(230,0.03693318591886627)
(231,0.036854622884235085)
(232,0.036827294344677866)
(233,0.036791765011482305)
(234,0.03674070721906498)
(235,0.036719129516415955)
(236,0.0366781226413924)
(237,0.03660472958633037)
(238,0.03649133964691175)
(239,0.036357728535661805)
(240,0.03617504813208565)
(241,0.03610911551590496)
(242,0.03607101462294598)
(243,0.035980203309975325)
(244,0.03592881567864385)
(245,0.03585513575784758)
(246,0.035801000085093966)
(247,0.03577821209664457)
(248,0.03572882394797184)
(249,0.035640328872912866)
(250,0.03552088133218695)
(251,0.03542599178487249)
(252,0.035399275912586084)
(253,0.035359172424714945)
(254,0.03528386169701824)
(255,0.035148927345651074)
(256,0.03511074603594874)
(257,0.03507704526901611)
(258,0.03503096584044305)
(259,0.03500392121802978)
(260,0.03498905372613924)
(261,0.03495504298107055)
(262,0.03491611757268537)
(263,0.0348676626661163)
(264,0.03484886106292332)
(265,0.03481290874184485)
(266,0.0347425437290518)
(267,0.03461802453282006)
(268,0.034410185214736294)
(269,0.03434241446144772)
(270,0.034283681018215544)
(271,0.034230549177264286)
(272,0.03418858256351935)
(273,0.03416102116729478)
(274,0.03413893838735644)
(275,0.03408035530182746)
(276,0.03405524048911082)
(277,0.034040542306640276)
(278,0.03400651937080877)
(279,0.03395563105857959)
(280,0.033926775168438436)
(281,0.03391029067855118)
(282,0.03387122585887412)
(283,0.03382346783480645)
(284,0.03378532570663185)
(285,0.03374951277153838)
(286,0.03370636878154331)
(287,0.03367978480340507)
(288,0.033656484091098726)
(289,0.033643119541944294)
(290,0.03361754715114043)
(291,0.03360266297412205)
(292,0.03357012682001701)
(293,0.03352529474375292)
(294,0.03348998257066935)
(295,0.03347312373493279)
(296,0.03343304943210757)
(297,0.033358671045015754)
(298,0.03324763598214334)
(299,0.03320513705705473)
(300,0.033182007236384675)
(301,0.03315164270301452)
(302,0.03312807082547142)
(303,0.033114728071554536)
(304,0.03309338554204259)
(305,0.033060165558247)
(306,0.032991137514285555)
(307,0.03289560004280433)
(308,0.03277700955340293)
(309,0.03263797223932054)
(310,0.03258704280499544)
(311,0.03253762840957175)
(312,0.03251618128914281)
(313,0.03250572406025464)
(314,0.03246819425697978)
(315,0.032324511921657306)
(316,0.032274843638381796)
(317,0.0322464068061018)
(318,0.03220438048517777)
(319,0.032166398641814246)
(320,0.03214228679866836)
(321,0.03212658769126553)
(322,0.032096178143385834)
(323,0.03205144171205504)
(324,0.032001833506162605)
(325,0.03197740356850707)
(326,0.0319539888372582)
(327,0.03189079716574604)
(328,0.03186635141270735)
(329,0.03184637488642947)
(330,0.03181042361379895)
(331,0.031792178841935644)
(332,0.03178190684356648)
(333,0.03175765853087811)
(334,0.03171999434697714)
(335,0.03169177637605647)
(336,0.0316302652910774)
(337,0.03160290318982427)
(338,0.03158833146722323)
(339,0.0315632331468139)
(340,0.03153192773853254)
(341,0.03148554913895845)
(342,0.03146468192473598)
(343,0.03145073964286949)
(344,0.03142685037674387)
(345,0.03140716133133454)
(346,0.031397038900828685)
(347,0.031374366661011364)
(348,0.031333568982240004)
(349,0.031272477829223606)
(350,0.031170844839569053)
(351,0.03110342146706672)
(352,0.03107499601967589)
(353,0.0310504531755634)
(354,0.03099664812639875)
(355,0.03097923266965618)
(356,0.030973360298776533)
(357,0.03094056168127546)
(358,0.030928917883775768)
(359,0.030911821585692296)
(360,0.030905829713016073)
(361,0.03079751449967117)
(362,0.03077649661860143)
(363,0.03075218960974865)
(364,0.03073640935616287)
(365,0.030725202570764994)
(366,0.03071019669013656)
(367,0.030694092252947253)
(368,0.030667388808145114)
(369,0.030652217769578625)
(370,0.03064279486390143)
(371,0.0306212675606807)
(372,0.030591828325780147)
(373,0.03056449414905235)
(374,0.03055232808628466)
(375,0.030537120531433832)
(376,0.030512716675169013)
(377,0.030502529091579543)
(378,0.03048658747995818)
(379,0.030465401578897457)
(380,0.03042512327664358)
(381,0.030411127583878466)
(382,0.03038674297457793)
(383,0.030369336432308526)
(384,0.030357143884817663)
(385,0.03034254902764079)
(386,0.03032318613594015)
(387,0.030313948788880708)
(388,0.030297918283601594)
(389,0.030280398422941616)
(390,0.03021065430067876)
(391,0.03014315845592735)
(392,0.03011180501787045)
(393,0.03009334950754952)
(394,0.030080025027449456)
(395,0.030072505240666306)
(396,0.030054546518274907)
(397,0.030026066189146997)
(398,0.03000626592177484)
(399,0.029996449898072156)
(400,0.029980667349455255)
(401,0.029967565511913156)
(402,0.02992921441355393)
(403,0.02987009668766803)
(404,0.02985898552376182)
(405,0.0298470757274315)
(406,0.029826165617804)
(407,0.029748936939377815)
(408,0.029740775411695636)
(409,0.029713270995095548)
(410,0.029696121523204333)
(411,0.029681751513581257)
(412,0.029658263282314207)
(413,0.029648694686232102)
(414,0.029636555154428233)
(415,0.02961893708289678)
(416,0.029611356429707098)
(417,0.029596796989258108)
(418,0.02956821756949936)
(419,0.029515769123823102)
(420,0.029429638825287766)
(421,0.029408960304756728)
(422,0.02939519748312519)
(423,0.029387498321677363)
(424,0.029371623777291175)
(425,0.02934155137282663)
(426,0.029282050054648297)
(427,0.02926284393781395)
(428,0.029249214667810424)
(429,0.02923796007759024)
(430,0.029230199201957782)
(431,0.02921453720383537)
(432,0.029186829604825115)
(433,0.029149450068299984)
(434,0.029114783901927104)
(435,0.029106105052420134)
(436,0.02909836800638129)
(437,0.029074457446968825)
(438,0.029004073175294173)
(439,0.028985468645232042)
(440,0.028972257068345615)
(441,0.028961335069796163)
(442,0.028947960824946706)
(443,0.0289280308105778)
(444,0.02891863968339436)
(445,0.0289049918910032)
(446,0.028889929483108527)
(447,0.028882886198259815)
(448,0.028867428657920045)
(449,0.028837809365551675)
(450,0.028795250390985586)
(451,0.02877527270071808)
(452,0.02876821377401055)
(453,0.028756997261745364)
(454,0.028733412661541297)
(455,0.028688153303156685)
(456,0.0286313828484227)
(457,0.028589732926001688)
(458,0.028575609282614378)
(459,0.028567700645548522)
(460,0.028554558706021277)
(461,0.02854179243535679)
(462,0.028510067380112813)
(463,0.02850050799102464)
(464,0.028484463358581378)
(465,0.02846012440103929)
(466,0.02843702101177813)
(467,0.02841761140581168)
(468,0.028408465044294454)
(469,0.02839869198929302)
(470,0.02838095689293836)
(471,0.028373837924458092)
(472,0.02836344594541063)
(473,0.02835041411822979)
(474,0.028322593769554424)
(475,0.02831303784488664)
(476,0.028301514521594)
(477,0.02828419630642778)
(478,0.02827661278514503)
(479,0.028267228585873806)
(480,0.02825351530992789)
(481,0.028247785391413847)
(482,0.028235438913916697)
(483,0.028211206463139248)
(484,0.028166734361485406)
(485,0.028152599475632333)
(486,0.028141410831848644)
(487,0.028133285499871707)
(488,0.02811860975068364)
(489,0.02810618974560858)
(490,0.028099377302446136)
(491,0.028086009331236148)
(492,0.028061662902314464)
(493,0.02802114685937753)
(494,0.02799747931870104)
(495,0.027989942158375258)
(496,0.027982956086174456)
(497,0.027970453219398107)
(498,0.027948052461325434)
(499,0.027904241437820967)
(500,0.027887837453740644)
(1,1.3542937871394105)
(2,0.9082709870837142)
(3,0.750855900747595)
(4,0.673407773873547)
(5,0.6235236818333997)
(6,0.5838488728897121)
(7,0.5456899049312979)
(8,0.5066084639599868)
(9,0.46007327897217287)
(10,0.41521774843003556)
(11,0.3754837259310404)
(12,0.3513994700232815)
(13,0.3060087806166085)
(14,0.29312324724025)
(15,0.2744576565575528)
(16,0.2591665461450043)
(17,0.2371180481510359)
(18,0.22220178388669687)
(19,0.2109079247622284)
(20,0.19867347929397286)
(21,0.19070353749601446)
(22,0.1868356287274452)
(23,0.17949054721370164)
(24,0.17835139846885764)
(25,0.1761941074919093)
(26,0.16958520173300187)
(27,0.16637763990859716)
(28,0.1641986930266999)
(29,0.16318590996568783)
(30,0.16269180930536067)
(31,0.16218674961500693)
(32,0.16103815259638335)
(33,0.16079019230802402)
(34,0.16051095154214481)
(35,0.15901263909441807)
(36,0.158856580150453)
(37,0.1585748105425875)
(38,0.15767193242678504)
(39,0.15554720436308506)
(40,0.15410381290237646)
(41,0.1538398754489537)
(42,0.15371196842698076)
(43,0.15354827116823647)
(44,0.1521827053655513)
(45,0.15268630892666396)
(46,0.1522413685753471)
(47,0.15149484484219422)
(48,0.15057515655968692)
(49,0.14882461025773785)
(50,0.14840006911486822)
(51,0.14844814871512244)
(52,0.14845463575338333)
(53,0.14715856351344872)
(54,0.1473831324934257)
(55,0.1470055921907033)
(56,0.146114625606711)
(57,0.1466933744591379)
(58,0.14650783895618089)
(59,0.1461366854313067)
(60,0.1460826295219021)
(61,0.14586300211864728)
(62,0.1455937726790205)
(63,0.14489897594214696)
(64,0.14517358222385449)
(65,0.1449783379036148)
(66,0.1444538362313739)
(67,0.1438603436413853)
(68,0.14382595788243163)
(69,0.1437270238807488)
(70,0.14365188924754052)
(71,0.14350554105757202)
(72,0.14358414274619716)
(73,0.14496398114771272)
(74,0.14421277903537225)
(75,0.14387824420004483)
(76,0.14372340316484988)
(77,0.14328040999820263)
(78,0.1431774879710016)
(79,0.14290161304571858)
(80,0.14232926454152853)
(81,0.14244769912225166)
(82,0.14235090626400818)
(83,0.1423401396709872)
(84,0.14228118053456196)
(85,0.1422302997476149)
(86,0.14220819966399972)
(87,0.1421425184394279)
(88,0.1420523409205263)
(89,0.14185600227894915)
(90,0.14110904798668245)
(91,0.1414560709672014)
(92,0.14140813015813186)
(93,0.1414093266395909)
(94,0.1413948974034292)
(95,0.14137265819415534)
(96,0.1411719218964904)
(97,0.14088947607845906)
(98,0.14092697504741972)
(99,0.14093474935706896)
(100,0.14092401859220374)
(101,0.14088967743088948)
(102,0.1408985614783568)
(103,0.1408081126298672)
(104,0.1407551696903063)
(105,0.14072820292184468)
(106,0.1406607706152839)
(107,0.14051234469509546)
(108,0.14052924604840802)
(109,0.1405108175049504)
(110,0.14035264690776758)
(111,0.14044674608108912)
(112,0.1404165868219684)
(113,0.14027332378822613)
(114,0.13998833144369974)
(115,0.13956754380075606)
(116,0.14007071056455245)
(117,0.14003027748643487)
(118,0.14004195216618606)
(119,0.1400936421309604)
(120,0.1400880558047323)
(121,0.14008523244602084)
(122,0.14007988413842123)
(123,0.14007405174483406)
(124,0.14008088019370957)
(125,0.14003439655288635)
(126,0.1400285299419101)
(127,0.1401271741085712)
(128,0.13999111522459706)
(129,0.13998105360937255)
(130,0.1399677098300747)
(131,0.1399516508931439)
(132,0.1398859128043699)
(133,0.13988524438726396)
(134,0.1398717978024309)
(135,0.1398442648374852)
(136,0.13979859685590648)
(137,0.1397122752932839)
(138,0.1396776215931677)
(139,0.13965105481579282)
(140,0.13964563037723102)
(141,0.13963418853828483)
(142,0.1395950140489379)
(143,0.13952753807551896)
(144,0.1393551524987846)
(145,0.13925404293396082)
(146,0.13927711595181885)
(147,0.1395870274199497)
(148,0.1394206998747451)
(149,0.1394036604786602)
(150,0.13937578140362775)
(151,0.13937891435952196)
(152,0.139393244068139)
(153,0.13940490643115455)
(154,0.1393972085761391)
(155,0.13939085560772266)
(156,0.1393831982285726)
(157,0.13939744098701767)
(158,0.13929040677486268)
(159,0.13931247261691904)
(160,0.1393064047595087)
(161,0.13929495273464484)
(162,0.1392955777766156)
(163,0.13929370707130842)
(164,0.13923317867979457)
(165,0.139240956411642)
(166,0.13921194235104345)
(167,0.13921110343098356)
(168,0.13919709638076297)
(169,0.13914964234088745)
(170,0.1390559110670122)
(171,0.1389861853700027)
(172,0.13893612961961468)
(173,0.13889942035223193)
(174,0.13884476400520757)
(175,0.1388740664193315)
(176,0.13886202997492586)
(177,0.1388822510512223)
(178,0.13892174583188838)
(179,0.13890267480183266)
(180,0.13891506428990627)
(181,0.1389366261399154)
(182,0.13896732607407394)
(183,0.13900000280840225)
(184,0.13903752051677062)
(185,0.1390506435341251)
(186,0.1389778649091054)
(187,0.13901122508944458)
(188,0.13897461177274956)
(189,0.13897484945679936)
(190,0.1389714240821182)
(191,0.13895143670122687)
(192,0.1389200274435646)
(193,0.13887509196068112)
(194,0.1388735913048196)
(195,0.13887821411832207)
(196,0.13888681317297064)
(197,0.13885669678076532)
(198,0.13886477253574242)
(199,0.13889508146334142)
(200,0.13891560801831399)
(201,0.13888807186850674)
(202,0.13888783773022934)
(203,0.1388787366071568)
(204,0.13886314190767407)
(205,0.13883239678396578)
(206,0.13887010832380012)
(207,0.13883902750214935)
(208,0.13885347560635455)
(209,0.13885080583411216)
(210,0.13884196493175738)
(211,0.13883314605416108)
(212,0.13880792045868753)
(213,0.1388284122139415)
(214,0.1388289602744678)
(215,0.13899836562668652)
(216,0.13894165071074352)
(217,0.1389310731776257)
(218,0.13893028333136115)
(219,0.13893205944309922)
(220,0.13894767427688065)
(221,0.13899069355524551)
(222,0.13912657770939676)
(223,0.13907578859121114)
(224,0.13906841435287534)
(225,0.13906718734608836)
(226,0.13906869148023873)
(227,0.1390872847767858)
(228,0.13914700470468913)
(229,0.13905149823697932)
(230,0.13907131537968515)
(231,0.13905005047789662)
(232,0.1390574979217943)
(233,0.1390952503349556)
(234,0.13909496487870365)
(235,0.13909411435398614)
(236,0.13910511835887615)
(237,0.1391754430175766)
(238,0.1391421222350365)
(239,0.1390421986064776)
(240,0.13914056796730667)
(241,0.1391600006740725)
(242,0.13918393470075313)
(243,0.1392672124429026)
(244,0.13928764957468565)
(245,0.13924089735674855)
(246,0.1392817025863894)
(247,0.1392877363778712)
(248,0.13928246132320157)
(249,0.13924431101542656)
(250,0.13930994028403476)
(251,0.1393214710251396)
(252,0.1393301918939866)
(253,0.13934459600833315)
(254,0.1393855893420397)
(255,0.13956940852930008)
(256,0.13953805634357316)
(257,0.13943683840825521)
(258,0.13936424650254767)
(259,0.1393700083188215)
(260,0.13937196791114367)
(261,0.13938683797880363)
(262,0.1393487734560585)
(263,0.13936244366278902)
(264,0.13935216903284448)
(265,0.1393361266284349)
(266,0.13935294310042198)
(267,0.13928385151591624)
(268,0.13918747862411393)
(269,0.1393027883792998)
(270,0.13926514658163897)
(271,0.139293431620279)
(272,0.13930875374926419)
(273,0.13930748649799532)
(274,0.13931696163761043)
(275,0.13935319109966868)
(276,0.13934304504329972)
(277,0.13934691760615878)
(278,0.13935526231616993)
(279,0.13937127675144945)
(280,0.13936745044152876)
(281,0.13936778235247993)
(282,0.13936832493770734)
(283,0.1393723205599387)
(284,0.13935592612919318)
(285,0.13934912276966668)
(286,0.13937677659552986)
(287,0.13938473267948312)
(288,0.1393657997070811)
(289,0.13936734460199254)
(290,0.13937235825172334)
(291,0.1393735110498986)
(292,0.1393682853131665)
(293,0.139360961409913)
(294,0.13936530777252717)
(295,0.13936126365823154)
(296,0.13935208019394207)
(297,0.13934558270642886)
(298,0.13935874197478423)
(299,0.13933456538791125)
(300,0.1393637759397402)
(301,0.13934033910784213)
(302,0.13935997655980947)
(303,0.1393562055360373)
(304,0.13934344353428676)
(305,0.139328827658608)
(306,0.13935915987042216)
(307,0.1392394000672819)
(308,0.13917388401527442)
(309,0.13924219537568186)
(310,0.13923010606636818)
(311,0.13931401209888788)
(312,0.1393070130359754)
(313,0.1393118101924973)
(314,0.139419000475614)
(315,0.13965713262320933)
(316,0.1395839634497902)
(317,0.13955074176311041)
(318,0.13939615813022116)
(319,0.1394574388053162)
(320,0.13945270118375921)
(321,0.1394599951297485)
(322,0.1395077765459683)
(323,0.13970141423449647)
(324,0.13959911787835816)
(325,0.13960003175817742)
(326,0.13957300001401807)
(327,0.13942269862814574)
(328,0.13945655042180866)
(329,0.13964643767116078)
(330,0.13957281667605015)
(331,0.13955436137985325)
(332,0.13954722207979636)
(333,0.13952216912674015)
(334,0.13950324860107688)
(335,0.13942969777356434)
(336,0.1395015446085076)
(337,0.1394866048225369)
(338,0.13949699431902973)
(339,0.13955382936866548)
(340,0.13977675513414708)
(341,0.1396549672814717)
(342,0.13965188770146122)
(343,0.13963493725262263)
(344,0.13955355967990637)
(345,0.13956622849337025)
(346,0.13956290626757423)
(347,0.13954333772233068)
(348,0.13947888586786888)
(349,0.13941415348617708)
(350,0.1393202216936775)
(351,0.13933027520303526)
(352,0.13933599579571962)
(353,0.13930329826237148)
(354,0.13934816101458955)
(355,0.13935486345726977)
(356,0.13934690703570993)
(357,0.1393734433372363)
(358,0.13937457718301297)
(359,0.1393740424524356)
(360,0.13938051089807044)
(361,0.1394892804941393)
(362,0.1394248863305076)
(363,0.13934584983623546)
(364,0.13936362878951467)
(365,0.13936706171114788)
(366,0.13941282417276898)
(367,0.1393864612243299)
(368,0.13934667501692397)
(369,0.1393463077147381)
(370,0.139359369052771)
(371,0.13936511817448863)
(372,0.13934369686055756)
(373,0.13933182610520678)
(374,0.1393316678265539)
(375,0.13932249002858998)
(376,0.1393168489409448)
(377,0.13931838787567252)
(378,0.13931674937889432)
(379,0.13932096393628257)
(380,0.13931873623982727)
(381,0.13931323717814334)
(382,0.13929397991598286)
(383,0.13930505853831981)
(384,0.13931445919965726)
(385,0.1393000721950793)
(386,0.1393052773726443)
(387,0.1393033510864613)
(388,0.13929943812157997)
(389,0.13930316686853267)
(390,0.13930806000694315)
(391,0.1393884931001139)
(392,0.13937014868915484)
(393,0.13937817129401028)
(394,0.13937648090935015)
(395,0.13937260937827192)
(396,0.139365477059185)
(397,0.1393439000804106)
(398,0.1393552201459086)
(399,0.139352841651645)
(400,0.1393475016336234)
(401,0.1393469477197004)
(402,0.1392789972484626)
(403,0.13931194376227993)
(404,0.13930645707502126)
(405,0.13929386278504988)
(406,0.1392916100528545)
(407,0.13929985995817007)
(408,0.13929553812421638)
(409,0.13938544124421196)
(410,0.13936255055835792)
(411,0.139342416063747)
(412,0.1393504856822905)
(413,0.13934346147592502)
(414,0.13932715010801702)
(415,0.13933719134355485)
(416,0.1393329210111107)
(417,0.13932424000861723)
(418,0.13932131143280108)
(419,0.13929667466879145)
(420,0.1392797730949918)
(421,0.13928238859238884)
(422,0.1392960817909048)
(423,0.1392969886254474)
(424,0.1393036762734911)
(425,0.1393342852372762)
(426,0.13934812730769122)
(427,0.13933714939053934)
(428,0.139344341038931)
(429,0.13935683958708733)
(430,0.13935612101977662)
(431,0.13936585409534405)
(432,0.13941932208950603)
(433,0.13940334448983974)
(434,0.13941503307763844)
(435,0.13940820384714372)
(436,0.13939918952014319)
(437,0.13941779563260823)
(438,0.13939616152386913)
(439,0.13940194098124892)
(440,0.1393926848322245)
(441,0.1393944108270916)
(442,0.13943596892710713)
(443,0.13941810526364484)
(444,0.13942088171397835)
(445,0.13945732779257902)
(446,0.1394450169562922)
(447,0.1394270861735091)
(448,0.13943882426922966)
(449,0.13947906433366186)
(450,0.1394655877950204)
(451,0.13945873861266223)
(452,0.13945941090302272)
(453,0.1394563430463842)
(454,0.13944304253026343)
(455,0.13941831461002813)
(456,0.13931992039213878)
(457,0.1393735128065889)
(458,0.139375492597543)
(459,0.1393808915420034)
(460,0.13940722803426853)
(461,0.13951264558882126)
(462,0.13947953679852795)
(463,0.13947463427788417)
(464,0.13948782162791531)
(465,0.1395821112731716)
(466,0.13949961077405978)
(467,0.13950650879420784)
(468,0.13949693375798022)
(469,0.13943307125293256)
(470,0.13944969171808408)
(471,0.13944919456213706)
(472,0.13943023253222414)
(473,0.13936099800525592)
(474,0.13939611631909504)
(475,0.13939839250618385)
(476,0.1393676299435268)
(477,0.13939901903199303)
(478,0.1394038961503634)
(479,0.13939233627775455)
(480,0.13940971946858727)
(481,0.13941392400864958)
(482,0.1394205206435286)
(483,0.13943086335441945)
(484,0.1394434545098882)
(485,0.13947388730489912)
(486,0.13948536788830168)
(487,0.13948612562096657)
(488,0.13946446625535314)
(489,0.1394814895318099)
(490,0.13948654102501362)
(491,0.13948243642841862)
(492,0.13944094280086117)
(493,0.13944252616615957)
(494,0.1394651065525584)
(495,0.13947590404078658)
(496,0.1394893161248175)
(497,0.13951026705212757)
(498,0.13956148702046953)
(499,0.13965233259820367)
(500,0.13964708018624014)

best val error :0.13880792045868753
