(1,1.2869881113482073)
(2,0.7969645629408685)
(3,0.6605983449252554)
(4,0.6036945471213416)
(5,0.5711411299801304)
(6,0.5476209665999702)
(7,0.5265914012014022)
(8,0.5036356229958673)
(9,0.4740089524160772)
(10,0.4372522476036172)
(11,0.40028234065052154)
(12,0.3711982363126105)
(13,0.3477719497274483)
(14,0.29393673039325924)
(15,0.2760674923101827)
(16,0.2460229986200602)
(17,0.2289115999156142)
(18,0.20577798092580415)
(19,0.18940240263007627)
(20,0.18057458549468403)
(21,0.16118149749936608)
(22,0.154027510858591)
(23,0.14698450740976254)
(24,0.1396351909705886)
(25,0.13549478571522583)
(26,0.12944759054830576)
(27,0.12528380694359265)
(28,0.12249736582908413)
(29,0.11815875608450457)
(30,0.1152573864674504)
(31,0.11291990568422365)
(32,0.11150265085395204)
(33,0.10869348223396101)
(34,0.10417061299982543)
(35,0.10101273316096514)
(36,0.09884859543598348)
(37,0.09732250146628135)
(38,0.09459199398421433)
(39,0.09276199144425687)
(40,0.09166615502471114)
(41,0.08953631269918642)
(42,0.08678067420396529)
(43,0.08499172540598732)
(44,0.0834120244484999)
(45,0.07790970671392791)
(46,0.0756654474222376)
(47,0.0723627901364626)
(48,0.07120858331319341)
(49,0.07046666740319867)
(50,0.069880009309418)
(51,0.06881532037083206)
(52,0.06819192556092936)
(53,0.06790772877095647)
(54,0.06755001439050044)
(55,0.0671128930486914)
(56,0.06521082550191548)
(57,0.06453631038468925)
(58,0.06425536605269286)
(59,0.06410247466672209)
(60,0.06365652212198153)
(61,0.062007914062777295)
(62,0.06139076077363391)
(63,0.060953340133501656)
(64,0.05997955031994798)
(65,0.05959206467442501)
(66,0.05934760564046175)
(67,0.05907295258850584)
(68,0.05889771029637125)
(69,0.0587462693195492)
(70,0.05845299717914918)
(71,0.058307789376971154)
(72,0.05813421416495833)
(73,0.05795431880355905)
(74,0.05776913818031768)
(75,0.05754885864706077)
(76,0.05736378552444729)
(77,0.0571157506432764)
(78,0.05698172772629527)
(79,0.05680871256462474)
(80,0.056753545626021064)
(81,0.05626335000591637)
(82,0.05600330282497661)
(83,0.055890000611233864)
(84,0.05565516832136813)
(85,0.05554166791586516)
(86,0.05533736556085355)
(87,0.05492675070309275)
(88,0.054204807140493555)
(89,0.05395134700710218)
(90,0.053768072710952595)
(91,0.053620129467210995)
(92,0.053515253757623255)
(93,0.05340241304517902)
(94,0.05312964686507275)
(95,0.05244431060728462)
(96,0.05219588155856236)
(97,0.052076028325963426)
(98,0.0519850816983007)
(99,0.05186435109573676)
(100,0.05176508381736236)
(101,0.051680391333919995)
(102,0.051539418797324474)
(103,0.051474359292706814)
(104,0.05134013016569912)
(105,0.051257705509855846)
(106,0.05100680422834021)
(107,0.05091817768542377)
(108,0.050862202958834334)
(109,0.05074011119946035)
(110,0.050634688869518614)
(111,0.05043958620837548)
(112,0.05036926772584337)
(113,0.050271289663946894)
(114,0.0500576118132399)
(115,0.04957655034027225)
(116,0.04939864095175481)
(117,0.049291395506719446)
(118,0.04915470212663327)
(119,0.04908123988384621)
(120,0.04903236755264742)
(121,0.04892009353592186)
(122,0.04880676433857196)
(123,0.04865795820991971)
(124,0.0485866794524925)
(125,0.04854359705664087)
(126,0.04844492474070852)
(127,0.04832779209417883)
(128,0.04821589559064873)
(129,0.048068997753867866)
(130,0.047971177866782524)
(131,0.04789989506471061)
(132,0.04785620617735695)
(133,0.04775335386065795)
(134,0.04755815275937944)
(135,0.04725099518651536)
(136,0.04701159665749253)
(137,0.04671435695848712)
(138,0.04663064393545808)
(139,0.046575443922875374)
(140,0.04649024696415726)
(141,0.04643004721556451)
(142,0.04633016072414778)
(143,0.04626604809404992)
(144,0.04616832963279816)
(145,0.04609194153286209)
(146,0.04596907120085786)
(147,0.04585418347459925)
(148,0.045629150737789254)
(149,0.045544429083048975)
(150,0.04548312713515474)
(151,0.04544287067511324)
(152,0.04535468192960217)
(153,0.045197287811574935)
(154,0.04494844284897138)
(155,0.04450909847841804)
(156,0.0444111808028425)
(157,0.04433183183755883)
(158,0.044285162463607614)
(159,0.044184022737847634)
(160,0.044007162588327604)
(161,0.043939070122416365)
(162,0.0438388182836382)
(163,0.0437150964584851)
(164,0.04365530956301283)
(165,0.04357744319004062)
(166,0.043453903865249235)
(167,0.04337803739980262)
(168,0.04328114411370447)
(169,0.04314911916991861)
(170,0.04309414654636845)
(171,0.04299148062212696)
(172,0.04290134955858095)
(173,0.04275202389911805)
(174,0.04270321493843887)
(175,0.04260532302151199)
(176,0.04249130684101681)
(177,0.04244745221770146)
(178,0.042342062501083765)
(179,0.042243821003080294)
(180,0.042204244533718994)
(181,0.042130963918384605)
(182,0.041988998921596174)
(183,0.04193543252297465)
(184,0.041845653925712274)
(185,0.041762860558069236)
(186,0.0417200159864345)
(187,0.04163736466073216)
(188,0.04157597339612007)
(189,0.04154006843093664)
(190,0.04146588670006212)
(191,0.04141088163523052)
(192,0.04133163665454912)
(193,0.04124751893530324)
(194,0.041193688594106666)
(195,0.04116859508087822)
(196,0.041111847760477944)
(197,0.04102453440267318)
(198,0.04097121846900398)
(199,0.04091338128714388)
(200,0.04084266009758397)
(201,0.040816021187737125)
(202,0.04070814207073136)
(203,0.04064478894518772)
(204,0.040616500722130945)
(205,0.04055011318715436)
(206,0.04045127761108786)
(207,0.04038819885432959)
(208,0.04034763224971666)
(209,0.040320856530380714)
(210,0.04025906573433364)
(211,0.040164120267026114)
(212,0.04009832633938173)
(213,0.0400774101667293)
(214,0.03997313821929277)
(215,0.039948377660990374)
(216,0.0398111729139114)
(217,0.039750226820335265)
(218,0.039717244826962726)
(219,0.03966830001707731)
(220,0.039619062563331565)
(221,0.039593397177924435)
(222,0.039545524790329016)
(223,0.03950964406503924)
(224,0.03948948023945536)
(225,0.03943961787973093)
(226,0.03934344455391602)
(227,0.03918743402909985)
(228,0.03903131527139053)
(229,0.03890666821617109)
(230,0.0388638030526944)
(231,0.038797893884055426)
(232,0.0387647847112141)
(233,0.038733058631630214)
(234,0.038665411372641914)
(235,0.03864091800557442)
(236,0.038589350251642396)
(237,0.038487899662506604)
(238,0.03829929764401913)
(239,0.038250321015562375)
(240,0.03820507396742433)
(241,0.03816729684592961)
(242,0.038138135310076135)
(243,0.03810387884643987)
(244,0.038053980861627916)
(245,0.03803177430097339)
(246,0.03798479859384276)
(247,0.037907451902319256)
(248,0.03778561642507945)
(249,0.037700779163870955)
(250,0.037660344782203654)
(251,0.03760769226078482)
(252,0.03758188633399914)
(253,0.037559505274259136)
(254,0.037504989584370284)
(255,0.03748453512372985)
(256,0.0374434039344948)
(257,0.037356699764207184)
(258,0.03720990429940927)
(259,0.0371689382541055)
(260,0.03713190623839024)
(261,0.03710190088063362)
(262,0.03708159173013462)
(263,0.03703724199959777)
(264,0.03699352762814006)
(265,0.036928205581276206)
(266,0.036897582874326165)
(267,0.03685174161147787)
(268,0.036816123697931566)
(269,0.036780102031702344)
(270,0.0367314740429599)
(271,0.03670720012652657)
(272,0.03666556972505346)
(273,0.03663568684229957)
(274,0.036619974646407226)
(275,0.03656616572191994)
(276,0.036540982964029585)
(277,0.03650049643088424)
(278,0.03647780179824972)
(279,0.03642661224427766)
(280,0.03638634443838939)
(281,0.03634819849130912)
(282,0.03631759837388256)
(283,0.036275802514900674)
(284,0.036257416472844695)
(285,0.03622302369577842)
(286,0.03615454956557601)
(287,0.03603119045687384)
(288,0.03599289384405423)
(289,0.0359571775833272)
(290,0.035937393122146125)
(291,0.035894126698199635)
(292,0.035827805380020804)
(293,0.035784119785599276)
(294,0.035751467256603324)
(295,0.03573399137697208)
(296,0.035692700665361905)
(297,0.035616077418988194)
(298,0.03549947329757282)
(299,0.035453458954645176)
(300,0.03542707807322027)
(301,0.035393780597573574)
(302,0.03536971852357551)
(303,0.035355723204305314)
(304,0.03533037025466486)
(305,0.03529032575076783)
(306,0.03523766898851795)
(307,0.03516013761592085)
(308,0.035130661326830244)
(309,0.03507825910409777)
(310,0.03495854602082288)
(311,0.03492204124393562)
(312,0.03488998549099053)
(313,0.03485799180950702)
(314,0.034825391118337296)
(315,0.03479970850382653)
(316,0.03476876046240871)
(317,0.034726462930785656)
(318,0.034649841684922335)
(319,0.034492826157523054)
(320,0.034423637895159766)
(321,0.034392982365208186)
(322,0.034354553550979106)
(323,0.03433387122497711)
(324,0.03430037445957783)
(325,0.034246843149599845)
(326,0.03412023689281296)
(327,0.03402332873143871)
(328,0.03387461873089348)
(329,0.03381508918209502)
(330,0.03374959889421917)
(331,0.033725459774171816)
(332,0.0336964343980366)
(333,0.03366499903335761)
(334,0.03364831207884247)
(335,0.033616170136278836)
(336,0.03359622824942794)
(337,0.03355867080361853)
(338,0.03352649977568555)
(339,0.033464770508935836)
(340,0.0334429626404398)
(341,0.03340721343777771)
(342,0.03337916964913273)
(343,0.033363003306070324)
(344,0.03333757868577847)
(345,0.03331434002583174)
(346,0.033301605599324983)
(347,0.03327746563521469)
(348,0.033245477827332656)
(349,0.03320465800476051)
(350,0.03318647886827532)
(351,0.03317253227746784)
(352,0.03313729858320637)
(353,0.033122986345159026)
(354,0.03310255105309101)
(355,0.03308376110767251)
(356,0.03302313711340437)
(357,0.033003250620150575)
(358,0.03299144103751844)
(359,0.03296381693843822)
(360,0.032919595672296964)
(361,0.03289550112154744)
(362,0.03287887449550612)
(363,0.03284379854371044)
(364,0.032819532602723946)
(365,0.032806685812363214)
(366,0.032778982446292966)
(367,0.03273501325738197)
(368,0.03268492792221132)
(369,0.032609569961158186)
(370,0.03259224307586581)
(371,0.03256236196251285)
(372,0.03248963561594028)
(373,0.03233528766115056)
(374,0.032305315248718644)
(375,0.03228273338478943)
(376,0.03225065779593655)
(377,0.032229488961393965)
(378,0.03221787053555016)
(379,0.03219419854593686)
(380,0.03217217943279959)
(381,0.03213921477171945)
(382,0.032126369517418346)
(383,0.03210144614853449)
(384,0.03208577630466058)
(385,0.03204459961789705)
(386,0.031981044101634444)
(387,0.03193395717089084)
(388,0.03191425390789376)
(389,0.031901169210336894)
(390,0.03187494323842274)
(391,0.031855992028737914)
(392,0.03183050852637287)
(393,0.031807333408354496)
(394,0.03179539413978027)
(395,0.03177583436572597)
(396,0.03174896059395553)
(397,0.03166473931690692)
(398,0.03162792026041659)
(399,0.031616507300220455)
(400,0.031596436416025296)
(401,0.031552933500784794)
(402,0.03148083698358855)
(403,0.03144369176548911)
(404,0.03142187186651785)
(405,0.031406993260957285)
(406,0.03137485107180075)
(407,0.031335573095530284)
(408,0.0312913616830252)
(409,0.03126357612033094)
(410,0.031248966001938654)
(411,0.031195567254500668)
(412,0.031172297438148366)
(413,0.031159352339105318)
(414,0.031130941284209797)
(415,0.031086452411461497)
(416,0.0310615872887746)
(417,0.031046204040377324)
(418,0.031034629579863072)
(419,0.031003834409181343)
(420,0.030988624828902654)
(421,0.03098066476210729)
(422,0.030951562714774245)
(423,0.030939882400068962)
(424,0.030926184710586065)
(425,0.030907287107044427)
(426,0.030899125827762792)
(427,0.030881192265803395)
(428,0.030851698723473)
(429,0.03079192659534231)
(430,0.030766970633083056)
(431,0.030749130953710947)
(432,0.030737749629983102)
(433,0.030710972242925242)
(434,0.03066306815082555)
(435,0.030623038455300206)
(436,0.030563775890179064)
(437,0.03055019266946095)
(438,0.030546158304666553)
(439,0.030516133371039943)
(440,0.030504166697796185)
(441,0.030495676019781138)
(442,0.030471733004744976)
(443,0.030463979929645724)
(444,0.030445817139681624)
(445,0.03042175087953031)
(446,0.030397656290044792)
(447,0.030386616033148267)
(448,0.03036398710638469)
(449,0.030317648499923647)
(450,0.030231075997507125)
(451,0.030163643960233064)
(452,0.03010759866374633)
(453,0.030064676052360396)
(454,0.030053362186255286)
(455,0.030029703894530222)
(456,0.030011317627054532)
(457,0.029986265669526547)
(458,0.029966384208656115)
(459,0.029950623614613182)
(460,0.029943861456752263)
(461,0.0299308853352856)
(462,0.029922577476082925)
(463,0.029911634949039114)
(464,0.02990111659046625)
(465,0.029882238629183395)
(466,0.02987324466457215)
(467,0.02985649618383772)
(468,0.029832369958777492)
(469,0.029776657388177648)
(470,0.02973680900373759)
(471,0.02964186174143266)
(472,0.02962643402300711)
(473,0.02961698273756107)
(474,0.02959614095670464)
(475,0.02958524446332624)
(476,0.0295737827936464)
(477,0.02955301392593988)
(478,0.0295438414274817)
(479,0.02953238291083326)
(480,0.0295196151071726)
(481,0.029474515102864824)
(482,0.029423411334627298)
(483,0.02941339235372634)
(484,0.029408608074778762)
(485,0.0293995374261956)
(486,0.029350235173352685)
(487,0.029337906644637535)
(488,0.029328810731491167)
(489,0.029303976408733366)
(490,0.029293868575937514)
(491,0.02928626783611894)
(492,0.029266023034685482)
(493,0.02925896453431779)
(494,0.02924384848800733)
(495,0.029214911422378993)
(496,0.02916061575083591)
(497,0.029145472265853834)
(498,0.02913355774141013)
(499,0.029123310845770193)
(500,0.029115884754590295)
(1,1.3372373170868603)
(2,0.8270997225394795)
(3,0.6785117759757286)
(4,0.6152608267417001)
(5,0.579136538636202)
(6,0.5540189454169607)
(7,0.533151026793503)
(8,0.5115982163290547)
(9,0.4857951924817846)
(10,0.4507228258153942)
(11,0.4132645407676776)
(12,0.38319043856324236)
(13,0.36067791939381433)
(14,0.31530717449098783)
(15,0.3004514718503237)
(16,0.2764562516329732)
(17,0.2620821941491281)
(18,0.2399302964714527)
(19,0.22606144585317592)
(20,0.21512817082938882)
(21,0.2011019796587044)
(22,0.19520777153683477)
(23,0.18793609095409372)
(24,0.18243271165738187)
(25,0.18036388537689438)
(26,0.1779452073775152)
(27,0.17263160568599686)
(28,0.1716891994069397)
(29,0.1695211850471207)
(30,0.1666556665226017)
(31,0.16548580742499797)
(32,0.1646421779747663)
(33,0.1619242084454566)
(34,0.15881099128573786)
(35,0.15919503209702732)
(36,0.15823679134923335)
(37,0.15791732336193412)
(38,0.15726282718208248)
(39,0.15591352280223172)
(40,0.15546535071031958)
(41,0.1547323142252482)
(42,0.15471786127750706)
(43,0.1543879315694475)
(44,0.15229767818726556)
(45,0.14814585747498382)
(46,0.14674948746615377)
(47,0.14571608361803248)
(48,0.14548700210683396)
(49,0.1451989366948785)
(50,0.1454257807736949)
(51,0.14462307215159137)
(52,0.1446231318161413)
(53,0.1444041497778451)
(54,0.14426916896073358)
(55,0.1440374548903515)
(56,0.14305507925202682)
(57,0.14297683367329117)
(58,0.14282956259358293)
(59,0.1426129985391691)
(60,0.14260863402469598)
(61,0.14174962712262393)
(62,0.14190109484356928)
(63,0.14129882222263368)
(64,0.1409261308344234)
(65,0.14062120503701184)
(66,0.14086784481565223)
(67,0.14043378744005222)
(68,0.14053679326509083)
(69,0.14099799656507228)
(70,0.1407886801307392)
(71,0.14064077521843307)
(72,0.14009900469635198)
(73,0.14007849985854565)
(74,0.1403093356497851)
(75,0.1403593849418832)
(76,0.14049951452534026)
(77,0.14021469231822534)
(78,0.14018869560790972)
(79,0.14012144483371758)
(80,0.140082565687588)
(81,0.13956391280554734)
(82,0.1397011879085153)
(83,0.13966734937361014)
(84,0.1396325475226161)
(85,0.13967838957133696)
(86,0.1397790922921787)
(87,0.13989715267947783)
(88,0.13959563172194564)
(89,0.1393250372558856)
(90,0.13945919658518846)
(91,0.13927541435184534)
(92,0.13931155414232335)
(93,0.13936847762180055)
(94,0.13933814463400893)
(95,0.1386408545438541)
(96,0.1389499331791269)
(97,0.13869631778603242)
(98,0.13871282942701074)
(99,0.13876578972965137)
(100,0.13868745596596813)
(101,0.1384307030807363)
(102,0.1384344378092014)
(103,0.13842300441336253)
(104,0.13843472815506747)
(105,0.13859958258247795)
(106,0.1382895269437909)
(107,0.13836570814594984)
(108,0.13831675534040638)
(109,0.1381979517942045)
(110,0.13803955900159895)
(111,0.1381320117551726)
(112,0.1380816073028997)
(113,0.13799721159938083)
(114,0.1378848646709924)
(115,0.13776277936240786)
(116,0.13788680184676227)
(117,0.1378071305185913)
(118,0.13786501031312837)
(119,0.13785241945981483)
(120,0.13786298163912433)
(121,0.13790851243467941)
(122,0.138103117290995)
(123,0.1379268375135093)
(124,0.13797142179473917)
(125,0.13796151513765395)
(126,0.1379275186226361)
(127,0.1378748007050887)
(128,0.13785286433339078)
(129,0.13792030159328794)
(130,0.1378340280489004)
(131,0.1378656218362047)
(132,0.1378577246343122)
(133,0.13784466268979467)
(134,0.13784445071182116)
(135,0.13794304997790827)
(136,0.1381796223431164)
(137,0.13791130489947967)
(138,0.1381062973850007)
(139,0.13804972497135923)
(140,0.13784480973043978)
(141,0.1378764034569773)
(142,0.1380282741994664)
(143,0.1380033756433499)
(144,0.1378837116801073)
(145,0.1378159597167445)
(146,0.137765818480951)
(147,0.1378588712458354)
(148,0.1376582206789972)
(149,0.1378868414469507)
(150,0.13776874400420128)
(151,0.13780422271823)
(152,0.13788476301186453)
(153,0.1379820991161044)
(154,0.13804384446032134)
(155,0.13795015482824105)
(156,0.13808456027884408)
(157,0.1381248383614429)
(158,0.1380724813623826)
(159,0.1380434412739417)
(160,0.13798249939867843)
(161,0.13792466007746515)
(162,0.13770022956292413)
(163,0.13785133691384066)
(164,0.13788971160382332)
(165,0.13791526781317132)
(166,0.137973920041881)
(167,0.1378499549520105)
(168,0.13810845369709354)
(169,0.13828322635768958)
(170,0.13809438006530256)
(171,0.13810407437637845)
(172,0.13787818731895013)
(173,0.1380422454580906)
(174,0.13804699118258706)
(175,0.13811780258836434)
(176,0.13830677908980482)
(177,0.1380009089254585)
(178,0.13826145484273053)
(179,0.13821612689336066)
(180,0.1382122877877565)
(181,0.1382193601741913)
(182,0.13818300460110228)
(183,0.13815340948288077)
(184,0.13804182706379267)
(185,0.1381412661836394)
(186,0.1381205926103302)
(187,0.13802922391753553)
(188,0.13806584425455637)
(189,0.13807569029302716)
(190,0.13808840643064754)
(191,0.1381095893097569)
(192,0.1379762379969599)
(193,0.13811099510147593)
(194,0.13810382221311873)
(195,0.1381086559091454)
(196,0.13809926970142528)
(197,0.1380800886957002)
(198,0.1380630830952263)
(199,0.1380347982041204)
(200,0.13806851438384715)
(201,0.1382220935197009)
(202,0.13798179232991944)
(203,0.13804503013288316)
(204,0.1380294757027676)
(205,0.13799237508724996)
(206,0.13795853892866763)
(207,0.1379103633570033)
(208,0.13793027978978428)
(209,0.13791592122935)
(210,0.13788188439135218)
(211,0.13784493132583847)
(212,0.1378071464231634)
(213,0.13777992506667644)
(214,0.13779361799250578)
(215,0.1378318249996224)
(216,0.13778540820795254)
(217,0.1377703353802335)
(218,0.1377853264266447)
(219,0.13774464623613425)
(220,0.1376973333553066)
(221,0.13772416372800408)
(222,0.1377408388246803)
(223,0.1377015894446234)
(224,0.13770188956654625)
(225,0.13770126655974815)
(226,0.13767828712011357)
(227,0.13761494472206215)
(228,0.13750114787198253)
(229,0.1376403075179518)
(230,0.13747767691127888)
(231,0.13762844751967557)
(232,0.13758624446030346)
(233,0.13752430791297396)
(234,0.13761113757319943)
(235,0.13759221645281688)
(236,0.13756045968689348)
(237,0.13755167760799542)
(238,0.13763717351725674)
(239,0.1375562829995949)
(240,0.13766006401897077)
(241,0.13758550193109734)
(242,0.13761435735090188)
(243,0.13766138466812214)
(244,0.13760827078272483)
(245,0.13762371523605213)
(246,0.13765307167787574)
(247,0.13765418447336986)
(248,0.13751951401541843)
(249,0.13761346043620545)
(250,0.13752225385524317)
(251,0.13758930390006463)
(252,0.13756705433301053)
(253,0.1374961529243484)
(254,0.13756531477118433)
(255,0.1375523565726269)
(256,0.13752671289811128)
(257,0.13751263051334583)
(258,0.1374982000315498)
(259,0.13746320865450878)
(260,0.1374967134729362)
(261,0.13747663452258907)
(262,0.137489288456066)
(263,0.13750903965187153)
(264,0.1375627136463843)
(265,0.13754701791403995)
(266,0.13753387577394527)
(267,0.13750236811111247)
(268,0.137507992029812)
(269,0.13753377929565225)
(270,0.13750886843558974)
(271,0.1375189089008478)
(272,0.13753495419032294)
(273,0.13749931445673155)
(274,0.1374398430835365)
(275,0.13750449664556366)
(276,0.1375187681946941)
(277,0.1375532167861892)
(278,0.1375772020368841)
(279,0.13757582821409656)
(280,0.13752148363052294)
(281,0.13750664612165292)
(282,0.13745677964177497)
(283,0.13747490674763324)
(284,0.13749941240495364)
(285,0.13754318707914273)
(286,0.13758610288786804)
(287,0.13756424847240326)
(288,0.13746160213990585)
(289,0.1375182576830857)
(290,0.13752119974122504)
(291,0.13753356937424213)
(292,0.137574496691844)
(293,0.13749541802954401)
(294,0.13753218095497605)
(295,0.13752825657298426)
(296,0.13752825462221555)
(297,0.13755162436653665)
(298,0.1375794787292682)
(299,0.1375133022085016)
(300,0.13758887131421016)
(301,0.1375277898056697)
(302,0.1375671938407651)
(303,0.13755921485385963)
(304,0.1375360285354064)
(305,0.13750696831036963)
(306,0.13753140426660193)
(307,0.13754189477192136)
(308,0.13751075270664342)
(309,0.1374701391636049)
(310,0.13749338006773323)
(311,0.1374768431229171)
(312,0.13749983798269658)
(313,0.13748775965486068)
(314,0.1375177725673059)
(315,0.13751859022400817)
(316,0.13750087337548528)
(317,0.13751610211395937)
(318,0.13746635741205845)
(319,0.13738804732823554)
(320,0.137562972255693)
(321,0.13746158842967893)
(322,0.1375424384823555)
(323,0.13752549266254374)
(324,0.13750060252456983)
(325,0.13752594962976625)
(326,0.13742785218534553)
(327,0.1374353134110965)
(328,0.13730888620110096)
(329,0.1374706740430752)
(330,0.1374783992894956)
(331,0.13748540460404804)
(332,0.1376465705673166)
(333,0.1375866250115148)
(334,0.13757942477293658)
(335,0.1375124659280034)
(336,0.13753260303797943)
(337,0.13752759794579514)
(338,0.13758022649369392)
(339,0.13757837406506823)
(340,0.13756821484227855)
(341,0.13758747057801918)
(342,0.13756552733995123)
(343,0.13757507661516793)
(344,0.13760628511720668)
(345,0.1375640366611242)
(346,0.13757450839314828)
(347,0.13759822842407335)
(348,0.13762149301083682)
(349,0.13755882803927527)
(350,0.1375845634126736)
(351,0.13763597810871636)
(352,0.13756853939717664)
(353,0.1375866130842485)
(354,0.1376241148417272)
(355,0.1376595763057641)
(356,0.1376002930653356)
(357,0.13760881712246)
(358,0.13760979558299188)
(359,0.13761323278694135)
(360,0.1376297631753682)
(361,0.13763491639574385)
(362,0.13766433935716527)
(363,0.13761986972931578)
(364,0.13765481472672614)
(365,0.13766271949340292)
(366,0.13767915756505847)
(367,0.1377001298889121)
(368,0.13767157145864173)
(369,0.13771693904283516)
(370,0.13772300108874014)
(371,0.13773099531239819)
(372,0.1377529649282831)
(373,0.13781377205612558)
(374,0.1378647603902586)
(375,0.13785382650838243)
(376,0.13785979277619748)
(377,0.13785104987233773)
(378,0.13785096491416965)
(379,0.13786206022789357)
(380,0.13790564570160804)
(381,0.13790070323788414)
(382,0.13789125371500235)
(383,0.13787508367642434)
(384,0.1378377770583872)
(385,0.13779313391533665)
(386,0.13780748257262151)
(387,0.13781587692241204)
(388,0.13782472480085622)
(389,0.13783575091959155)
(390,0.13785987374943104)
(391,0.13787667026272582)
(392,0.13791545870408645)
(393,0.1378690583698524)
(394,0.13788224702127555)
(395,0.137918224864777)
(396,0.13797394952725905)
(397,0.13789116372355312)
(398,0.1379186346478717)
(399,0.13791166557664408)
(400,0.13790240463330591)
(401,0.13791668689226105)
(402,0.13794594939040614)
(403,0.1379046266857126)
(404,0.1378891134535231)
(405,0.13789568052671586)
(406,0.13792206596596387)
(407,0.1380031420153727)
(408,0.13790786428324678)
(409,0.13795619860339783)
(410,0.138100692825553)
(411,0.1379444645978713)
(412,0.1379738063282135)
(413,0.13796736859792236)
(414,0.13793790557766444)
(415,0.137846575870622)
(416,0.13788324213435904)
(417,0.13789985898092424)
(418,0.13789644901722004)
(419,0.13789863014719655)
(420,0.13792036438793293)
(421,0.1379265192119622)
(422,0.13789880817612246)
(423,0.13792185688310932)
(424,0.1379575507077939)
(425,0.13792734516303184)
(426,0.13796195218682408)
(427,0.137972278165767)
(428,0.13799009210428173)
(429,0.13804737426661506)
(430,0.13801873582580343)
(431,0.13803546569953257)
(432,0.13803204379434592)
(433,0.13801808163006465)
(434,0.13797961017611524)
(435,0.13792884311899817)
(436,0.13799896457091326)
(437,0.13800210029726145)
(438,0.13797591707551288)
(439,0.13802012351549373)
(440,0.1380543336238092)
(441,0.138105641905524)
(442,0.138096490400103)
(443,0.13810375456821955)
(444,0.13812572851589844)
(445,0.1381232770424417)
(446,0.13814370776723864)
(447,0.13814782179683138)
(448,0.1381614298030578)
(449,0.13820617123058326)
(450,0.1382174914457098)
(451,0.13825220731524274)
(452,0.13828456200996472)
(453,0.1383082730265907)
(454,0.13830210930456957)
(455,0.13828362906120853)
(456,0.13825931919990855)
(457,0.138319493606222)
(458,0.13837367372592552)
(459,0.13836057770226004)
(460,0.13836509213477607)
(461,0.13837430105232298)
(462,0.13837466506396684)
(463,0.13838689402977708)
(464,0.13838275391189608)
(465,0.13838479548133342)
(466,0.13838637556903347)
(467,0.13840251828067385)
(468,0.13847478053530146)
(469,0.1384899752477159)
(470,0.1384619356945041)
(471,0.1385528804454422)
(472,0.13855309312503422)
(473,0.13855630940752411)
(474,0.13853983480405768)
(475,0.13854036467482075)
(476,0.1385915796624514)
(477,0.1386004126293921)
(478,0.1385937312757029)
(479,0.13861187706718725)
(480,0.138749727014359)
(481,0.1388232725989486)
(482,0.13878247315471268)
(483,0.13877938390787156)
(484,0.13878285830646406)
(485,0.13882279144140253)
(486,0.13876684942837433)
(487,0.13876616052596494)
(488,0.13882124909956303)
(489,0.13878726486126897)
(490,0.13878362263992508)
(491,0.13881267245503046)
(492,0.13879968661619263)
(493,0.13879550466925442)
(494,0.13879892190927245)
(495,0.1388145819773767)
(496,0.13882866009980147)
(497,0.13883325667135654)
(498,0.13881361369461762)
(499,0.13882310822420396)
(500,0.13881423597665218)

best val error :0.13730888620110096
