(1,1.292943447977145)
(2,0.8242749278520383)
(3,0.6840568607638072)
(4,0.622073530712056)
(5,0.5846819642628255)
(6,0.556130359596752)
(7,0.5290480823220891)
(8,0.4982964492728892)
(9,0.4610430312492311)
(10,0.41934267771809336)
(11,0.38097645433907)
(12,0.35234292991126864)
(13,0.3392051449395414)
(14,0.26839189090585536)
(15,0.25133524146473857)
(16,0.2265553539477148)
(17,0.21055602304407256)
(18,0.19968912349818813)
(19,0.18597572024765155)
(20,0.17243952336225613)
(21,0.15872663930870415)
(22,0.150986358616018)
(23,0.14263026490260117)
(24,0.1386112803417001)
(25,0.13140518389837233)
(26,0.12732608109391952)
(27,0.1215056590296845)
(28,0.11375403049186142)
(29,0.10866544522743082)
(30,0.10590088859817966)
(31,0.10401954714162209)
(32,0.1015300509552754)
(33,0.10023335718697197)
(34,0.09744640247281165)
(35,0.09426463720149786)
(36,0.09221788358529229)
(37,0.09108900141409029)
(38,0.08947453524970704)
(39,0.08688608329270019)
(40,0.08430473019450532)
(41,0.08308920961247572)
(42,0.0823160536270853)
(43,0.0809480434100012)
(44,0.07996049987267921)
(45,0.07940966041108474)
(46,0.07837917000080888)
(47,0.07681893413926624)
(48,0.07343543452055983)
(49,0.07264919742262482)
(50,0.07171577365766543)
(51,0.0713875315605494)
(52,0.07092166215424597)
(53,0.0704892729489791)
(54,0.07027402531493689)
(55,0.06978315213560357)
(56,0.06926145295632989)
(57,0.06880932324903112)
(58,0.06847207548549625)
(59,0.06825536703615415)
(60,0.06808760116246297)
(61,0.06786404081136652)
(62,0.06767361571695325)
(63,0.06739286300122442)
(64,0.06717965021170487)
(65,0.06706915936813417)
(66,0.06680521461444613)
(67,0.06633555039134836)
(68,0.06557480814331554)
(69,0.06464238604503317)
(70,0.06289650699441061)
(71,0.061447208011741805)
(72,0.06060224472427633)
(73,0.060498351320679926)
(74,0.05965434865372132)
(75,0.05938197465888413)
(76,0.059210287077341016)
(77,0.058921671533336425)
(78,0.05877008959779787)
(79,0.05845031998900829)
(80,0.057968184398608166)
(81,0.05774882165761255)
(82,0.057616252831492513)
(83,0.05741492038945057)
(84,0.05720175266771541)
(85,0.05708240959369519)
(86,0.056918065803334465)
(87,0.05674017689618955)
(88,0.05664485608553744)
(89,0.05645963954372495)
(90,0.056351628084652286)
(91,0.05615225081417707)
(92,0.05602200997838163)
(93,0.05581881272339725)
(94,0.05563038009380972)
(95,0.05552735441332622)
(96,0.0553703065049434)
(97,0.055234874381711284)
(98,0.055160428861299626)
(99,0.05499875664373538)
(100,0.05482738388691596)
(101,0.054593962673323594)
(102,0.05448622608248103)
(103,0.054416304571641025)
(104,0.05426144168539517)
(105,0.05410702132885863)
(106,0.05387779962148637)
(107,0.05378303416685926)
(108,0.05372018622163035)
(109,0.05358125215728937)
(110,0.05348059952116672)
(111,0.05329753911091644)
(112,0.053208096281808254)
(113,0.05301631047000354)
(114,0.052829043425195475)
(115,0.05275711883071089)
(116,0.05261597244539906)
(117,0.05248744353870946)
(118,0.05229956552779271)
(119,0.05220604223730672)
(120,0.05212474923640678)
(121,0.051927406738985146)
(122,0.05185911407954513)
(123,0.051758569451063795)
(124,0.051548416436534995)
(125,0.051006380414684416)
(126,0.0508235801444943)
(127,0.05069453973452369)
(128,0.05057347492269618)
(129,0.050494345970552745)
(130,0.05038262064515407)
(131,0.050200605683110786)
(132,0.04966403439279505)
(133,0.049415374891120474)
(134,0.049340602370616195)
(135,0.04922418380396158)
(136,0.04898275724756605)
(137,0.04856384821530234)
(138,0.04845717797931626)
(139,0.04836359723707298)
(140,0.04822679738953399)
(141,0.04814586286505814)
(142,0.048103158279267276)
(143,0.048002943988071714)
(144,0.04783437743190946)
(145,0.047759283735363214)
(146,0.047625299708194985)
(147,0.04753498349480473)
(148,0.04738853779981346)
(149,0.047274611103112124)
(150,0.04720995412998081)
(151,0.04711143512129434)
(152,0.0470047312131194)
(153,0.04695114441646297)
(154,0.04685920111006853)
(155,0.046688886994884965)
(156,0.04639788765485209)
(157,0.046206405524465165)
(158,0.046153118921828135)
(159,0.04605649894477001)
(160,0.045884894339203286)
(161,0.04560379445291384)
(162,0.0454169740899921)
(163,0.04533609702272946)
(164,0.04525788105059708)
(165,0.045209540847805076)
(166,0.045123823579833564)
(167,0.0449949818691245)
(168,0.04484042050764958)
(169,0.04477040536617528)
(170,0.04472764989516642)
(171,0.044631054390837484)
(172,0.044482470143048555)
(173,0.044389256980202366)
(174,0.04432322170182975)
(175,0.04428460872949028)
(176,0.04419192396484986)
(177,0.044034885987250305)
(178,0.04384402621760505)
(179,0.04368891310108775)
(180,0.043614781455865614)
(181,0.043534646114873086)
(182,0.043492396024738714)
(183,0.04346458664880794)
(184,0.0433710912698426)
(185,0.04333764390606602)
(186,0.043278225867519095)
(187,0.04314291692410954)
(188,0.04291323141328176)
(189,0.042855876484792006)
(190,0.04279646666463691)
(191,0.042746116551600065)
(192,0.04271296884406368)
(193,0.04264913552131548)
(194,0.04260640247071299)
(195,0.04258139052271111)
(196,0.04252035372559486)
(197,0.042405588898041725)
(198,0.0422107756528968)
(199,0.04191478931212922)
(200,0.041482176517823446)
(201,0.04089160187694694)
(202,0.040788685938191224)
(203,0.04065010525170981)
(204,0.04061790540301193)
(205,0.04055468084541303)
(206,0.04045801738598151)
(207,0.040386447193225955)
(208,0.040344194456794435)
(209,0.0403133041903278)
(210,0.04028513590294587)
(211,0.04023732829953768)
(212,0.04021403072037955)
(213,0.04017148315525123)
(214,0.040145692447583516)
(215,0.040089012289175135)
(216,0.03999826108241526)
(217,0.03995075906418184)
(218,0.039922103599721134)
(219,0.03985268573810021)
(220,0.03973083188025774)
(221,0.0395780876515662)
(222,0.03947451700104752)
(223,0.039442501074277575)
(224,0.039374863712431984)
(225,0.03927412303837465)
(226,0.039215002275008744)
(227,0.03917444567414844)
(228,0.03914780366412798)
(229,0.039104397712788966)
(230,0.03903859896305355)
(231,0.03890299685882832)
(232,0.03869928362514746)
(233,0.03858270122206984)
(234,0.03845962338114068)
(235,0.038413494019665824)
(236,0.03839009585319755)
(237,0.038343020696807506)
(238,0.03832065151170775)
(239,0.03828034020542122)
(240,0.03821805454288787)
(241,0.038119795539782876)
(242,0.03800689625431449)
(243,0.03782091373595788)
(244,0.03775641622702614)
(245,0.03767833409348693)
(246,0.0376204626550104)
(247,0.03759184546468395)
(248,0.03755110191472144)
(249,0.0375097356629632)
(250,0.037490177037929936)
(251,0.03744753594741557)
(252,0.03737073749013578)
(253,0.03728753135035907)
(254,0.037203027455369256)
(255,0.037147383057393894)
(256,0.037121718223429606)
(257,0.03707151202957799)
(258,0.03700231280129388)
(259,0.03682092350838322)
(260,0.03674464455636467)
(261,0.036711093216104725)
(262,0.03668933037097285)
(263,0.036662513041779414)
(264,0.03663115931649506)
(265,0.03659949640690694)
(266,0.036555335439627315)
(267,0.036482736194732225)
(268,0.03644734407719012)
(269,0.036409589990337506)
(270,0.03636368430593898)
(271,0.03634169206094044)
(272,0.03630854176079786)
(273,0.03627123812179999)
(274,0.036086748293410444)
(275,0.036039165017193654)
(276,0.03599484402301457)
(277,0.03592050121302995)
(278,0.03589227452019157)
(279,0.03587627389324152)
(280,0.03583937305160672)
(281,0.03578643956145955)
(282,0.03574397185370006)
(283,0.035723631400811764)
(284,0.03568849253134802)
(285,0.03562752054654048)
(286,0.03549683269920061)
(287,0.035452507468094495)
(288,0.035425071598841305)
(289,0.03540707674116724)
(290,0.03537897196613159)
(291,0.03536077302624349)
(292,0.03532424161903654)
(293,0.03526824122649543)
(294,0.03523827526155585)
(295,0.03522084344573558)
(296,0.03517966990222886)
(297,0.035103428169276966)
(298,0.03497411673883201)
(299,0.034819734799021694)
(300,0.03473074450149581)
(301,0.034671864390615745)
(302,0.03464907910914192)
(303,0.0345864655819554)
(304,0.03455982943652841)
(305,0.03454477940187758)
(306,0.034508854375807724)
(307,0.03444399441520316)
(308,0.03435316295002845)
(309,0.03430836434206437)
(310,0.03427214489743321)
(311,0.034248678990340155)
(312,0.03423338357063274)
(313,0.03419903710180777)
(314,0.034153034579308746)
(315,0.03410404340569215)
(316,0.034084126918845575)
(317,0.03405581773171813)
(318,0.03401768864098092)
(319,0.03400056806578164)
(320,0.0339732119184213)
(321,0.033932415866501205)
(322,0.03387404537820181)
(323,0.033843991849977974)
(324,0.033827028242368995)
(325,0.033789232507497755)
(326,0.033769855949658936)
(327,0.03371263151491125)
(328,0.03367587951049921)
(329,0.03365962046263624)
(330,0.03362192327579488)
(331,0.033576701379115885)
(332,0.03354198641970038)
(333,0.03351102178382005)
(334,0.03346355531683994)
(335,0.0334277340295802)
(336,0.033411886650450175)
(337,0.033383181991673706)
(338,0.03334641808174941)
(339,0.03329523498342968)
(340,0.03327291739615071)
(341,0.033258670647301466)
(342,0.033225374687220276)
(343,0.03319200785354402)
(344,0.033155233444427196)
(345,0.03313048668082461)
(346,0.03311717171621263)
(347,0.033085747544295226)
(348,0.03304798374705462)
(349,0.033018358822935655)
(350,0.03300042451082154)
(351,0.03296202595736539)
(352,0.03292610015221141)
(353,0.03291228467865783)
(354,0.03288684914585952)
(355,0.03284516935218611)
(356,0.03276818769799243)
(357,0.032708320647671506)
(358,0.03262675989427417)
(359,0.03259970186269249)
(360,0.032564864480428286)
(361,0.03252637821001065)
(362,0.03250330169137667)
(363,0.032454214316766004)
(364,0.03242416253192361)
(365,0.03236111960011966)
(366,0.03233606789009274)
(367,0.03231940740393401)
(368,0.03229369069755884)
(369,0.032271335581083006)
(370,0.03225977745085718)
(371,0.032235406020286426)
(372,0.0321973438474733)
(373,0.03210642410835058)
(374,0.03200799445602703)
(375,0.03198210959548321)
(376,0.03195977960169211)
(377,0.03192342485600581)
(378,0.03187971793249162)
(379,0.031865315292722775)
(380,0.03184570576313036)
(381,0.031819494510178375)
(382,0.03171966223082273)
(383,0.03167469477131858)
(384,0.031659937185375325)
(385,0.031648486248844185)
(386,0.031631556969803534)
(387,0.0315672479374976)
(388,0.031542212062259024)
(389,0.03152841091623234)
(390,0.03150222743868343)
(391,0.031484830924763674)
(392,0.03147547549062793)
(393,0.0314409733884684)
(394,0.031425452009133076)
(395,0.03139932882433324)
(396,0.031377799318667784)
(397,0.031270214641050606)
(398,0.03122303373527813)
(399,0.0311976770122574)
(400,0.031176639128512876)
(401,0.03116489379471748)
(402,0.0311402556229791)
(403,0.031097560780741777)
(404,0.03105185940970287)
(405,0.03098874801122229)
(406,0.030975445028807808)
(407,0.03095951228958345)
(408,0.030920732807822173)
(409,0.03082349417898575)
(410,0.03080143136480089)
(411,0.03078654893156749)
(412,0.030778522422899916)
(413,0.030760096263101794)
(414,0.03073728261657367)
(415,0.03071489788908248)
(416,0.030705779283413955)
(417,0.030686849953958477)
(418,0.030650634809729137)
(419,0.030593377495696187)
(420,0.030507492833092845)
(421,0.030481355931716095)
(422,0.030444459248654247)
(423,0.030432700776355872)
(424,0.030415926618852236)
(425,0.03039808810682801)
(426,0.03038990648444116)
(427,0.03037192451936082)
(428,0.030341411764609524)
(429,0.03031485730805366)
(430,0.030279430861407)
(431,0.030253983360704693)
(432,0.03021762704606956)
(433,0.03018714237434245)
(434,0.030163893493073215)
(435,0.030153053037956436)
(436,0.03013532815733289)
(437,0.030120475241239786)
(438,0.030108784205067515)
(439,0.03008391608217018)
(440,0.03007481636242981)
(441,0.030057466435796463)
(442,0.030046747509869128)
(443,0.030025468033014587)
(444,0.02999997353189087)
(445,0.02997032407706023)
(446,0.029958762255625587)
(447,0.029936912474341878)
(448,0.029899871123592027)
(449,0.029869127228347257)
(450,0.02985087440627193)
(451,0.02983732044033714)
(452,0.029828632018731593)
(453,0.029807666280769463)
(454,0.02976950978496498)
(455,0.029734750233155718)
(456,0.02967726686269614)
(457,0.029661428595207054)
(458,0.029633099658912157)
(459,0.029593024156387846)
(460,0.029532975309463107)
(461,0.029517427438886832)
(462,0.029498977820539556)
(463,0.029485502975303425)
(464,0.029476035436052414)
(465,0.029462416261927235)
(466,0.02944962112824265)
(467,0.02942648843071567)
(468,0.029415535963893742)
(469,0.029398665955497033)
(470,0.029380835376003885)
(471,0.029372311656094337)
(472,0.02935528333831855)
(473,0.02932521926586919)
(474,0.029285881749953568)
(475,0.029254266023793704)
(476,0.029245599927290783)
(477,0.029234228205358745)
(478,0.029206088373965457)
(479,0.02914123202777179)
(480,0.029122785977523363)
(481,0.029103456402082402)
(482,0.02908327638679519)
(483,0.02906405501902957)
(484,0.02904877918861266)
(485,0.029016844973906334)
(486,0.028998037971785445)
(487,0.02896732324885782)
(488,0.02894992006692237)
(489,0.028919381853226064)
(490,0.028906107525136004)
(491,0.028898384317727257)
(492,0.028880874301210294)
(493,0.028855538555853162)
(494,0.02884219374814993)
(495,0.028834723654498767)
(496,0.02882057751612467)
(497,0.028798964524055545)
(498,0.028777008990059177)
(499,0.028765431004374266)
(500,0.028761022112573555)
(1,1.34463872710645)
(2,0.8592032478727682)
(3,0.7072034361197901)
(4,0.6389154005809495)
(5,0.5981413218168985)
(6,0.5680276536064193)
(7,0.5410004860005153)
(8,0.5110694009363576)
(9,0.4771722157888762)
(10,0.43578618893173243)
(11,0.3970965927954405)
(12,0.36625113640162404)
(13,0.359495727781952)
(14,0.29511707513221275)
(15,0.28414199675009794)
(16,0.26485639022309526)
(17,0.2522494028766711)
(18,0.24300137335651636)
(19,0.22679354274875266)
(20,0.21522024473316395)
(21,0.19950772615724155)
(22,0.19635879499812267)
(23,0.19090402944664608)
(24,0.1880244020919195)
(25,0.1820360402780949)
(26,0.17979030875126512)
(27,0.17370006160292414)
(28,0.16662196260707135)
(29,0.1647279660329055)
(30,0.16371506617326725)
(31,0.16241117065596933)
(32,0.16169586713033418)
(33,0.16117219782964026)
(34,0.15933720200444396)
(35,0.1578520764992346)
(36,0.1560495984923812)
(37,0.15567111181981802)
(38,0.15457182972691785)
(39,0.15391029179507162)
(40,0.153401334671582)
(41,0.15270389704698867)
(42,0.15227227288392642)
(43,0.15136274433039407)
(44,0.15106264792013518)
(45,0.1507729234013511)
(46,0.15016056164162783)
(47,0.14907220585690859)
(48,0.14787734346894557)
(49,0.14801390895259023)
(50,0.14752468788585898)
(51,0.1473472605959147)
(52,0.14687592589112686)
(53,0.14673308074725802)
(54,0.14670693595305212)
(55,0.14669207001834572)
(56,0.14653351205046403)
(57,0.14614995256202232)
(58,0.14624708382939874)
(59,0.14605562177591208)
(60,0.1459229614441838)
(61,0.14537680439928036)
(62,0.14551474613882312)
(63,0.14569084767180596)
(64,0.14554607520949883)
(65,0.14549838185242225)
(66,0.14536770795495182)
(67,0.1450810636324342)
(68,0.14448305517328183)
(69,0.14344073978601146)
(70,0.14245198145845064)
(71,0.14197816339268662)
(72,0.14122725190891386)
(73,0.1421385364674756)
(74,0.1414577547939888)
(75,0.14172146602067823)
(76,0.1416244115600762)
(77,0.14168725740689056)
(78,0.14230847537754931)
(79,0.14212320522265637)
(80,0.1417571904738754)
(81,0.1418173960438558)
(82,0.14170942212903695)
(83,0.14123269336754635)
(84,0.1413117997110794)
(85,0.14135987499798242)
(86,0.14158509500692779)
(87,0.14154354642636507)
(88,0.14146875037721918)
(89,0.141200852059772)
(90,0.14124637596208883)
(91,0.14148320839669454)
(92,0.14141505027211118)
(93,0.1410826228901749)
(94,0.14105826924016443)
(95,0.14112087984568522)
(96,0.14128795970335903)
(97,0.14124403544292946)
(98,0.14122293009264134)
(99,0.14112552062154365)
(100,0.14073869507210263)
(101,0.1411013841472737)
(102,0.14099568882913965)
(103,0.14102766109466827)
(104,0.14111081776506548)
(105,0.14109087661442066)
(106,0.1410165640316858)
(107,0.1410728857775456)
(108,0.1410552222167356)
(109,0.14097170725404717)
(110,0.14068088001590684)
(111,0.14063999774175906)
(112,0.1409897883964204)
(113,0.14102454737495745)
(114,0.14099481196707106)
(115,0.14097083186460685)
(116,0.1408911389387114)
(117,0.14054852189051442)
(118,0.14081669922453466)
(119,0.14075957891952554)
(120,0.14039650736054438)
(121,0.14074309507617)
(122,0.1407122584921895)
(123,0.14056120563311023)
(124,0.1403318793362283)
(125,0.14031470149770495)
(126,0.1405837327712775)
(127,0.1403522285400156)
(128,0.1405439336392086)
(129,0.14048280249212594)
(130,0.14023161860183814)
(131,0.13967440245324433)
(132,0.139357817067506)
(133,0.13977032587020596)
(134,0.13972196441480242)
(135,0.1396027138075634)
(136,0.13955202693441027)
(137,0.1397938106499117)
(138,0.139429951849459)
(139,0.13971411178832144)
(140,0.13949911810871923)
(141,0.13961342669100904)
(142,0.1396138147572856)
(143,0.13963364917601018)
(144,0.1396958176120377)
(145,0.1396734307184222)
(146,0.1395967025068219)
(147,0.13956211600352567)
(148,0.13952747540292146)
(149,0.13947215357235232)
(150,0.13952464233169795)
(151,0.1395663721464047)
(152,0.13951507667380467)
(153,0.13951196898072413)
(154,0.1394786810755426)
(155,0.13936480593450104)
(156,0.13911475764249237)
(157,0.13926706456334853)
(158,0.13927069215112123)
(159,0.13925655961701103)
(160,0.13924197508240604)
(161,0.13926591672643507)
(162,0.13920820850300514)
(163,0.13917769028838306)
(164,0.1391992841500863)
(165,0.13918475345028158)
(166,0.1391734447283298)
(167,0.13930680467384532)
(168,0.13921981496010472)
(169,0.13919352129765325)
(170,0.13917881394644832)
(171,0.13913012739209762)
(172,0.13900783605351905)
(173,0.13900143136165297)
(174,0.1390213326953511)
(175,0.13901780236547318)
(176,0.1390216342623041)
(177,0.13900006491126243)
(178,0.13902707684117185)
(179,0.13896420961748884)
(180,0.13896810710552363)
(181,0.1389670918829944)
(182,0.13896363619237492)
(183,0.13893592579171382)
(184,0.1389505852403716)
(185,0.1389420194624351)
(186,0.13892634554101368)
(187,0.1389165640940789)
(188,0.1388586453498361)
(189,0.1388459019471819)
(190,0.1388422519273555)
(191,0.13884460175390187)
(192,0.13884563166628577)
(193,0.13882177592493972)
(194,0.13882354339425138)
(195,0.13881710826304555)
(196,0.13879811478592444)
(197,0.13876634305485788)
(198,0.13872468552158687)
(199,0.13869263912724872)
(200,0.13859021033224156)
(201,0.13860662228178444)
(202,0.13846077134757065)
(203,0.13850593349691218)
(204,0.1384971458133085)
(205,0.138457856621229)
(206,0.13833934824564642)
(207,0.13832640848481603)
(208,0.13838816749442237)
(209,0.13838658558672878)
(210,0.13841088725530648)
(211,0.13838994733394255)
(212,0.13837459988997342)
(213,0.13833230169801108)
(214,0.13831089354452705)
(215,0.1382780826821993)
(216,0.13822864777129426)
(217,0.1382098142504866)
(218,0.13819847959329634)
(219,0.13816773934082052)
(220,0.1380736791072376)
(221,0.13789078496074794)
(222,0.1379303596947594)
(223,0.13790255780010227)
(224,0.13785249712568973)
(225,0.1377991170434001)
(226,0.13775861956438967)
(227,0.1377762479428287)
(228,0.13776458582800938)
(229,0.13772707953154004)
(230,0.13766863835749138)
(231,0.13755595202431675)
(232,0.13757630965606363)
(233,0.13753555615165877)
(234,0.13766734098707128)
(235,0.13764657440282493)
(236,0.13765327597525884)
(237,0.13766588864259138)
(238,0.1376615827478859)
(239,0.1376530219527397)
(240,0.1376574411790367)
(241,0.13757271815151795)
(242,0.13754457711585408)
(243,0.13757061422778372)
(244,0.1375583716442043)
(245,0.137551633304502)
(246,0.13759713053237155)
(247,0.1375932064952445)
(248,0.13758281925729865)
(249,0.1375940316544788)
(250,0.13759316091695123)
(251,0.13758990661051318)
(252,0.13758529928057223)
(253,0.1376274041516352)
(254,0.1376254946648174)
(255,0.13762050869996276)
(256,0.13762189030055896)
(257,0.1376294323862803)
(258,0.13760978087961218)
(259,0.13760248784854712)
(260,0.13768058505716646)
(261,0.13766426122905126)
(262,0.1376572326469349)
(263,0.13763763851505487)
(264,0.13763326286731423)
(265,0.1376152026120734)
(266,0.1376187822247248)
(267,0.13762077254453367)
(268,0.13763064878873035)
(269,0.13765516735454225)
(270,0.13762318411415575)
(271,0.1376329157809681)
(272,0.13764432571945748)
(273,0.13763329963217777)
(274,0.13759722445234768)
(275,0.13763480943729844)
(276,0.1377316928567688)
(277,0.13766551194673038)
(278,0.13766912707083886)
(279,0.1376628951096411)
(280,0.13764803812686338)
(281,0.1376269076527115)
(282,0.13764209825464807)
(283,0.13764586471917853)
(284,0.13764832972750418)
(285,0.13765087798991404)
(286,0.13761217516184793)
(287,0.13770419559107686)
(288,0.13767291725452618)
(289,0.1376785662494307)
(290,0.13769301213288837)
(291,0.13770038112122482)
(292,0.13770875072485533)
(293,0.1377264498957665)
(294,0.1377332734528458)
(295,0.1377332140502072)
(296,0.13773905165402103)
(297,0.13777326403329085)
(298,0.1377820265988038)
(299,0.1378799257731172)
(300,0.1377843415726661)
(301,0.1379054134868262)
(302,0.13782733900729544)
(303,0.13791963928561754)
(304,0.13791167308353475)
(305,0.13791774475830043)
(306,0.13793173349996998)
(307,0.13796992417103962)
(308,0.13806107947166824)
(309,0.1380478547253849)
(310,0.13800979826128054)
(311,0.13802051649695146)
(312,0.13800763796389276)
(313,0.13798450702941967)
(314,0.13795434004458643)
(315,0.13799380292055802)
(316,0.1379948795662242)
(317,0.13797367394304436)
(318,0.13800418706706072)
(319,0.13800744755321287)
(320,0.13799765970880704)
(321,0.13795937241661516)
(322,0.13798970249625203)
(323,0.1380129331790214)
(324,0.1380199846772467)
(325,0.1380551892889772)
(326,0.1382061045123245)
(327,0.13816852369822696)
(328,0.1381672441981557)
(329,0.13816357209682317)
(330,0.13814990032030036)
(331,0.13811239335725156)
(332,0.13811603894898586)
(333,0.13820341663733632)
(334,0.13819891954027735)
(335,0.13819538724805416)
(336,0.1381977132736148)
(337,0.1381826312451406)
(338,0.13812683609120288)
(339,0.13817960548693062)
(340,0.13818264543241895)
(341,0.13819138794184102)
(342,0.13822184125836368)
(343,0.13831660102683485)
(344,0.13826852527959885)
(345,0.13827937270449356)
(346,0.13827543707160111)
(347,0.1382665968990344)
(348,0.13826436715343057)
(349,0.13828930668559483)
(350,0.13837659558646415)
(351,0.138300318409699)
(352,0.13834029522488125)
(353,0.13833609051236181)
(354,0.13831808843746496)
(355,0.1382759323448916)
(356,0.13822004093438822)
(357,0.1381503344370156)
(358,0.13824082889700984)
(359,0.13829405381011897)
(360,0.1384432639178729)
(361,0.13842229488825222)
(362,0.1384353935534931)
(363,0.13848048186419493)
(364,0.13861246383468293)
(365,0.13854092493953213)
(366,0.13856392324488045)
(367,0.13856031590185003)
(368,0.13853498566721373)
(369,0.13854748235122957)
(370,0.13854843607925135)
(371,0.13854538836919852)
(372,0.13852583351541228)
(373,0.13851259442972416)
(374,0.13848972808233317)
(375,0.1384516824738638)
(376,0.1386705328074513)
(377,0.13855767846579534)
(378,0.13861766794884697)
(379,0.13860846023328685)
(380,0.13856726832136423)
(381,0.1384665518108317)
(382,0.13843794832491393)
(383,0.1385148808312778)
(384,0.1385344786568022)
(385,0.13854988447354358)
(386,0.13854600720569954)
(387,0.1385970165515267)
(388,0.138615722262623)
(389,0.1386243986354635)
(390,0.13867067318437068)
(391,0.13866847721808592)
(392,0.13861478052297524)
(393,0.13866350629085938)
(394,0.1386729980365591)
(395,0.13867934046241445)
(396,0.1386601865338265)
(397,0.13868527990158835)
(398,0.1387288359996718)
(399,0.13875939027934933)
(400,0.13875317312072044)
(401,0.13876020785840334)
(402,0.13877314949006492)
(403,0.13879835518266423)
(404,0.13884523973809781)
(405,0.13883157588106285)
(406,0.13884280692737033)
(407,0.13886061364727934)
(408,0.13890036080619642)
(409,0.13893676508066188)
(410,0.1389498661739394)
(411,0.1389239587849495)
(412,0.13892317332280646)
(413,0.13891034079628695)
(414,0.13886827831933038)
(415,0.13889038084065516)
(416,0.13889068861854834)
(417,0.13888777380872652)
(418,0.1388819496093348)
(419,0.13885951166700813)
(420,0.13891436044011632)
(421,0.13885638833645522)
(422,0.13887803033370166)
(423,0.13889707945071705)
(424,0.13891383687336145)
(425,0.1389120247343513)
(426,0.1389442989534626)
(427,0.1389630365567836)
(428,0.13899007698590607)
(429,0.1390746727265201)
(430,0.13907746851834918)
(431,0.13903317219912925)
(432,0.13910623206219078)
(433,0.139145603648407)
(434,0.13915181593511095)
(435,0.13916109004090044)
(436,0.13912505461375602)
(437,0.13912472825908004)
(438,0.1392264706348291)
(439,0.13920916784179332)
(440,0.13919686141117213)
(441,0.13916616951704722)
(442,0.13916573941302354)
(443,0.13915763862588493)
(444,0.13912311756850212)
(445,0.1391589644451472)
(446,0.1391633866915351)
(447,0.1391566432306321)
(448,0.13912612170102032)
(449,0.1391985052104588)
(450,0.1391877240551649)
(451,0.13920836263834407)
(452,0.1392245288035744)
(453,0.13923900219258037)
(454,0.13928908566662895)
(455,0.1393658741343198)
(456,0.13935805146283026)
(457,0.13937097957060257)
(458,0.13940027282139567)
(459,0.13944584430489074)
(460,0.13947867776101652)
(461,0.13946981402157746)
(462,0.13945314336904366)
(463,0.13946045467367493)
(464,0.1394636255592808)
(465,0.13947498746824502)
(466,0.13946282798248763)
(467,0.13944717679554627)
(468,0.13944911659208692)
(469,0.1394789288284605)
(470,0.1394759884800308)
(471,0.1394737975137201)
(472,0.13948196518838712)
(473,0.13953905341853715)
(474,0.13952287424850002)
(475,0.13954347490786714)
(476,0.13954345535584106)
(477,0.1395515706595981)
(478,0.13959400586747125)
(479,0.1396273122703788)
(480,0.1396350903404624)
(481,0.13968487869696192)
(482,0.1396911427638357)
(483,0.13972065282329957)
(484,0.13973330737318157)
(485,0.13976441390958694)
(486,0.13977461700657148)
(487,0.13980577212121242)
(488,0.13980747027688092)
(489,0.13982470611659223)
(490,0.13981818877478638)
(491,0.13981637025128274)
(492,0.13980820228267496)
(493,0.13982939040968326)
(494,0.13981810346294224)
(495,0.13982284273962042)
(496,0.13982794647331018)
(497,0.13982447875014703)
(498,0.13982007790498097)
(499,0.1398355235453924)
(500,0.13984080009734784)

best val error :0.13753555615165877
