(1,1.293135812790939)
(2,0.7698841645789639)
(3,0.6368709374132017)
(4,0.5848350312449677)
(5,0.5569469810150438)
(6,0.5384428924897072)
(7,0.5235534299487684)
(8,0.5087784923324755)
(9,0.49117088053136315)
(10,0.46705620829788647)
(11,0.4352151662982706)
(12,0.4013062578345138)
(13,0.3776480754890834)
(14,0.3679850931783461)
(15,0.3279378448444542)
(16,0.26445386624741074)
(17,0.2452636233824129)
(18,0.23033317435898618)
(19,0.2149214505827592)
(20,0.19924454783270384)
(21,0.17618668458157893)
(22,0.16629621347964396)
(23,0.15901298834410185)
(24,0.15472996576772238)
(25,0.14668356754986991)
(26,0.14000481565637093)
(27,0.13378490965413495)
(28,0.1294823947921241)
(29,0.12657452363929628)
(30,0.12375534668639818)
(31,0.11970726485953521)
(32,0.11780875081027224)
(33,0.11494776663790657)
(34,0.11092512269429781)
(35,0.10684725622867235)
(36,0.10514566928332211)
(37,0.10251022629985863)
(38,0.09764202561117445)
(39,0.09434657834963815)
(40,0.09123332253624615)
(41,0.08891920588006394)
(42,0.08540640359437722)
(43,0.08245023479951444)
(44,0.0808056765424258)
(45,0.07928420555312761)
(46,0.07773572201971331)
(47,0.07424309437589413)
(48,0.07200400428855992)
(49,0.0699642953310072)
(50,0.06884576603167454)
(51,0.06813566013188403)
(52,0.06761727336248217)
(53,0.06687048839517404)
(54,0.06618506276265625)
(55,0.06573854421467297)
(56,0.06534840620300045)
(57,0.06481328061980958)
(58,0.06416260982157705)
(59,0.06365000927641333)
(60,0.06337913454826205)
(61,0.06283221159133506)
(62,0.06254705817825648)
(63,0.061994310577847093)
(64,0.061228406834299955)
(65,0.06075724272416138)
(66,0.05960276928305836)
(67,0.05933720289017391)
(68,0.05883330509879781)
(69,0.05859685074338915)
(70,0.05840307686044156)
(71,0.05805606061042483)
(72,0.05784362723402346)
(73,0.05772668586205673)
(74,0.057465077640127836)
(75,0.05721811460892891)
(76,0.056874984631863856)
(77,0.05674113835038182)
(78,0.05660270829879881)
(79,0.05633621082123862)
(80,0.05623369452693244)
(81,0.05604842017001204)
(82,0.055689909255401286)
(83,0.05495355281366207)
(84,0.05469952213132152)
(85,0.05452177831764877)
(86,0.05415265497020764)
(87,0.05360343324805006)
(88,0.05315534846688134)
(89,0.052482836934667834)
(90,0.052354997588196256)
(91,0.05184126478337165)
(92,0.05169782525914607)
(93,0.05162681478012634)
(94,0.05145542469645516)
(95,0.05132918068489081)
(96,0.05112454292979196)
(97,0.05103297195197504)
(98,0.05093605015391233)
(99,0.050813520397610834)
(100,0.050756536717542954)
(101,0.050636159814008715)
(102,0.05043937231984288)
(103,0.050007677493502906)
(104,0.04960750827171434)
(105,0.04930391721479799)
(106,0.04913152402927989)
(107,0.04901166771453839)
(108,0.048925388342194974)
(109,0.04885852272496053)
(110,0.04867617825158042)
(111,0.048566491129682456)
(112,0.04851538546413865)
(113,0.04840920527970099)
(114,0.048301869978157885)
(115,0.04816634209651598)
(116,0.048083767433266054)
(117,0.04804116164771928)
(118,0.047941453047445494)
(119,0.04782973553149546)
(120,0.047712501765244705)
(121,0.04765225621052515)
(122,0.04761367982250842)
(123,0.047527264741133404)
(124,0.047447716700258304)
(125,0.04732258895009279)
(126,0.04716514648004883)
(127,0.04707528593570823)
(128,0.04701034523891265)
(129,0.0469720168292116)
(130,0.04689447963110294)
(131,0.046751205608959366)
(132,0.046457877214328466)
(133,0.046344460795800416)
(134,0.04626698877829487)
(135,0.04620852514632321)
(136,0.04612381467967844)
(137,0.04603575263887005)
(138,0.0459875035742573)
(139,0.04595500543834471)
(140,0.045880156490373344)
(141,0.04579991791819328)
(142,0.04571428068348119)
(143,0.04559636036100582)
(144,0.04552568339117278)
(145,0.04547172224626136)
(146,0.045438108309368605)
(147,0.04536725157259709)
(148,0.045232827652701486)
(149,0.04497306351055738)
(150,0.04489119361055626)
(151,0.04484023007039882)
(152,0.04479897065190271)
(153,0.04477052243992249)
(154,0.044709242436752276)
(155,0.04459664436233687)
(156,0.04439858348487079)
(157,0.044095926852845496)
(158,0.0440257847026862)
(159,0.043959559626733063)
(160,0.04392410047742829)
(161,0.04390306835624255)
(162,0.04385401249840938)
(163,0.043788028464433935)
(164,0.043740616637443996)
(165,0.043695502123818925)
(166,0.04364050352484431)
(167,0.04360747230100226)
(168,0.04346867387133102)
(169,0.043356524595647504)
(170,0.043306543853156264)
(171,0.043233861221614774)
(172,0.0431932896774137)
(173,0.04313717063867654)
(174,0.043009549264794646)
(175,0.04279775338214016)
(176,0.04269912565305972)
(177,0.042634270399134935)
(178,0.04257741416756242)
(179,0.04253568793206384)
(180,0.042514393567270166)
(181,0.04247371785602931)
(182,0.042399873555652876)
(183,0.042248237229159526)
(184,0.042113400160555536)
(185,0.041990652724937724)
(186,0.04192796979237861)
(187,0.041902218584086715)
(188,0.04188617908902824)
(189,0.04183431613713175)
(190,0.04181684792751203)
(191,0.041780539900177514)
(192,0.04170681792245781)
(193,0.04158673669969137)
(194,0.04155299286748662)
(195,0.04151539057895202)
(196,0.0414900238773366)
(197,0.041434397890355766)
(198,0.04139275810058193)
(199,0.04129815981897959)
(200,0.041252240392842796)
(201,0.041225473063544744)
(202,0.04116002633763458)
(203,0.04106953957865879)
(204,0.04102694387017763)
(205,0.04099460017068984)
(206,0.04097281667839042)
(207,0.0409459354922335)
(208,0.040906499459405686)
(209,0.04088907747798156)
(210,0.040857990157620205)
(211,0.04080095805454053)
(212,0.04067472821196762)
(213,0.040586462791578605)
(214,0.0404650482140573)
(215,0.040399714309973585)
(216,0.04037580882268786)
(217,0.04036246634992892)
(218,0.040329960156871285)
(219,0.04027127429135994)
(220,0.040190404737398246)
(221,0.04015184672608177)
(222,0.04012017048129636)
(223,0.040099183636182895)
(224,0.04007588763653672)
(225,0.040036349546784804)
(226,0.04001977960459513)
(227,0.039991723454503775)
(228,0.03994228386289128)
(229,0.039831889185562144)
(230,0.039787701709802586)
(231,0.03977176119775653)
(232,0.0397422653075069)
(233,0.039679636492614974)
(234,0.03959012578485697)
(235,0.03956216098541908)
(236,0.039526255000901775)
(237,0.03950067283221327)
(238,0.03948552610540311)
(239,0.03945880689715092)
(240,0.03941540247206602)
(241,0.03932695036525489)
(242,0.039197532473482205)
(243,0.03910894756396752)
(244,0.03906444418553431)
(245,0.0390455225066347)
(246,0.03903710094350382)
(247,0.038995261693227)
(248,0.03898111238506062)
(249,0.03895489934746594)
(250,0.03889885844113351)
(251,0.03880786117417386)
(252,0.03878199782872048)
(253,0.03875517285289022)
(254,0.03873283049971128)
(255,0.038718259264557756)
(256,0.03869206122785836)
(257,0.03867324582395273)
(258,0.03863489133456313)
(259,0.03857356554069253)
(260,0.038542531966944155)
(261,0.038525000269128425)
(262,0.03848367029878548)
(263,0.038412052656968856)
(264,0.03829944500975152)
(265,0.038243299161489185)
(266,0.03821060768674951)
(267,0.0381352380526767)
(268,0.03809945943937145)
(269,0.0380717141596912)
(270,0.03805096592567572)
(271,0.038018711958872936)
(272,0.03797917268710521)
(273,0.037960140391755166)
(274,0.03792053079467083)
(275,0.03787866750445987)
(276,0.037814752547241266)
(277,0.037768218484407944)
(278,0.03767145209231471)
(279,0.03765401808341055)
(280,0.03764394720743383)
(281,0.037620953470755024)
(282,0.03759914765929308)
(283,0.03757469596080583)
(284,0.03753252972646762)
(285,0.03751500244282645)
(286,0.03747587695116353)
(287,0.037404530329863565)
(288,0.03731070730206158)
(289,0.03724852125221095)
(290,0.03722896270909147)
(291,0.03718820090100954)
(292,0.03714511508421562)
(293,0.037102869407342455)
(294,0.03707067914817685)
(295,0.037047617037615124)
(296,0.037034911268280124)
(297,0.03700660555617346)
(298,0.03694658997487926)
(299,0.03684271392170405)
(300,0.036746750512424826)
(301,0.03669184850294257)
(302,0.03667675590187864)
(303,0.03665114651196319)
(304,0.03661007507839287)
(305,0.036561022812692724)
(306,0.03654033934134813)
(307,0.03652717075351869)
(308,0.03649513866001892)
(309,0.03645174567704884)
(310,0.036426015175674675)
(311,0.036384705175996776)
(312,0.036302607309202366)
(313,0.036266412209469745)
(314,0.03624837603286683)
(315,0.036237960184538294)
(316,0.036215927515989815)
(317,0.036182420294853176)
(318,0.03611170320702008)
(319,0.03608740865164131)
(320,0.036068817881772526)
(321,0.03604664755272387)
(322,0.0360104720337478)
(323,0.035978872803610534)
(324,0.035965375871480514)
(325,0.035950602670353084)
(326,0.03592988995291623)
(327,0.03589765101372316)
(328,0.03587981968295857)
(329,0.035868918919002506)
(330,0.035842637593645046)
(331,0.035796349751323515)
(332,0.03577348575690614)
(333,0.03575599274099438)
(334,0.03571957356104343)
(335,0.03569579912258675)
(336,0.035682849080005415)
(337,0.03566142629776196)
(338,0.03564617076559592)
(339,0.035590737990523987)
(340,0.035570271709192094)
(341,0.03555181028476316)
(342,0.035518842664728406)
(343,0.03550298840170801)
(344,0.03548179684264151)
(345,0.035458869071282484)
(346,0.03544773248931325)
(347,0.035425514613563185)
(348,0.03539521587051196)
(349,0.035312952424462904)
(350,0.03528745161504986)
(351,0.035277814231742255)
(352,0.035257641427743215)
(353,0.03521860354677995)
(354,0.03514377817468479)
(355,0.03512194646505633)
(356,0.03510645678367377)
(357,0.035043322485480255)
(358,0.03493817216669503)
(359,0.03479388599806881)
(360,0.034773303264052154)
(361,0.03475530329461539)
(362,0.03472636156410413)
(363,0.034713085891343955)
(364,0.03469321903434608)
(365,0.034671955579312616)
(366,0.03466136788261108)
(367,0.03463551974300702)
(368,0.034592666857395225)
(369,0.034529837537703154)
(370,0.03443494917608774)
(371,0.03440588846203149)
(372,0.034385850318572365)
(373,0.03436238441741541)
(374,0.0343461681907534)
(375,0.0343354956854515)
(376,0.03431607996281017)
(377,0.03428408829264138)
(378,0.03423455852424868)
(379,0.034184812002414154)
(380,0.034163406968968794)
(381,0.03411834491059709)
(382,0.034095644919756384)
(383,0.03407821581009571)
(384,0.03406536878907277)
(385,0.034056703989922193)
(386,0.03403711456435542)
(387,0.03399951756470746)
(388,0.03393406023270692)
(389,0.03391449703202207)
(390,0.03386904511648867)
(391,0.03381111688554644)
(392,0.03376793065743396)
(393,0.0337527914990308)
(394,0.03374320813913024)
(395,0.03372438384768145)
(396,0.03371274615609341)
(397,0.033690053412931915)
(398,0.033652774604915676)
(399,0.03360421394433166)
(400,0.033558042592601506)
(401,0.033534330584417744)
(402,0.03352045534419754)
(403,0.03349127034816056)
(404,0.033474706237105314)
(405,0.03346356962200856)
(406,0.03344346355263886)
(407,0.03342674048940136)
(408,0.0334176438963)
(409,0.03339816094831473)
(410,0.03336256462859673)
(411,0.03332071112310352)
(412,0.03328010133385456)
(413,0.03326968308005682)
(414,0.03326340102235245)
(415,0.033239794190084535)
(416,0.03323218487153565)
(417,0.03321752271323458)
(418,0.03318792411138795)
(419,0.03313338169211191)
(420,0.033113516652476)
(421,0.033096094134409934)
(422,0.03308444135644815)
(423,0.0330712400411429)
(424,0.033049355865068186)
(425,0.0330400524775401)
(426,0.033024175800694076)
(427,0.032995593845374496)
(428,0.03294177546071368)
(429,0.03290963951191111)
(430,0.03290034844854657)
(431,0.032887130226898764)
(432,0.032860763149243064)
(433,0.032798620640790276)
(434,0.03277630673841552)
(435,0.03276822464739123)
(436,0.03275348620305494)
(437,0.03272823759762257)
(438,0.03270649036868055)
(439,0.03265498620246553)
(440,0.03263860680701298)
(441,0.032627554970185456)
(442,0.03260705112212285)
(443,0.03259197065943538)
(444,0.032583589525621987)
(445,0.03256750510802883)
(446,0.03254445627540993)
(447,0.03251850814192294)
(448,0.03250648353093189)
(449,0.03249842061498527)
(450,0.032480526166038054)
(451,0.03246127274222446)
(452,0.032438909542492594)
(453,0.03242533252239839)
(454,0.03241766959493481)
(455,0.03240042876055796)
(456,0.032373973664536954)
(457,0.03235774234752991)
(458,0.03234678558989946)
(459,0.032339830735281995)
(460,0.03232332557264885)
(461,0.03229351821532546)
(462,0.03228321310946855)
(463,0.03223911467756597)
(464,0.032211769296915785)
(465,0.03219935441909039)
(466,0.03219004377672115)
(467,0.03217532342693832)
(468,0.032161809384330164)
(469,0.0321454712313363)
(470,0.03212714195041426)
(471,0.03211861051443162)
(472,0.03210053952342587)
(473,0.0320672869409044)
(474,0.03201925283581923)
(475,0.0319862183489647)
(476,0.03197590605067944)
(477,0.03196172798818408)
(478,0.03193097388590861)
(479,0.031853362124299414)
(480,0.03180745260532431)
(481,0.03177751481048948)
(482,0.03175915974342023)
(483,0.031749171157072396)
(484,0.03172973352380662)
(485,0.03170245092045193)
(486,0.03167590387067863)
(487,0.031664339442215556)
(488,0.03163984906555584)
(489,0.031636195891198676)
(490,0.031595142796433474)
(491,0.0315567811732531)
(492,0.031543419705102944)
(493,0.03152833099413802)
(494,0.03150560347349871)
(495,0.031490422573200845)
(496,0.03148208520781725)
(497,0.03146305956815864)
(498,0.03144421471132397)
(499,0.03141487448253571)
(500,0.031403903495831664)
(1,1.3423825265637666)
(2,0.7978389165844217)
(3,0.651601028713175)
(4,0.5922328611041721)
(5,0.5602430832869068)
(6,0.5396152868733063)
(7,0.5239518315036398)
(8,0.5099843928705341)
(9,0.4939054293306615)
(10,0.4711710227055201)
(11,0.4438219729105325)
(12,0.41421559505147615)
(13,0.3890568364238117)
(14,0.3784255380570785)
(15,0.33828664177911044)
(16,0.2958658539944609)
(17,0.2812883256791639)
(18,0.270175602103752)
(19,0.25866387181411205)
(20,0.2416774017277436)
(21,0.21804505021819234)
(22,0.21074724155556174)
(23,0.20725412002593094)
(24,0.2039674362779538)
(25,0.19807547955079433)
(26,0.191645949607605)
(27,0.1852256577177041)
(28,0.18355044542472515)
(29,0.18050936697841236)
(30,0.174360901588752)
(31,0.1736421073101295)
(32,0.17229395333211195)
(33,0.1700210218387127)
(34,0.1645927754602367)
(35,0.16237794605011407)
(36,0.16184864527826948)
(37,0.1592340103172261)
(38,0.15522130760715952)
(39,0.1538601075299506)
(40,0.15243795418659023)
(41,0.15194706969876895)
(42,0.15116592700398326)
(43,0.1502315823416344)
(44,0.14961529247082736)
(45,0.14682586121711375)
(46,0.1442214034231088)
(47,0.1433000197009019)
(48,0.14301034675949778)
(49,0.14336630628378255)
(50,0.14325577766059178)
(51,0.14352358013089658)
(52,0.1436831928103181)
(53,0.14449991847193444)
(54,0.14418558491960073)
(55,0.14388795835004506)
(56,0.14280158158492337)
(57,0.14293999477690247)
(58,0.14305279994506842)
(59,0.1428564310363134)
(60,0.14283492228394795)
(61,0.14296302644892667)
(62,0.14284385815689216)
(63,0.1426729738234021)
(64,0.1421143130249529)
(65,0.14153346558629867)
(66,0.1416140689089145)
(67,0.14176660141081615)
(68,0.141513518539263)
(69,0.14138133465683544)
(70,0.14118432864557212)
(71,0.1411237231625852)
(72,0.14112333133476224)
(73,0.1410846551121009)
(74,0.14103426330050284)
(75,0.14093713966747778)
(76,0.14081259818012734)
(77,0.1408070761088806)
(78,0.140843190715805)
(79,0.14073844888726542)
(80,0.14069849504413123)
(81,0.14062816844726192)
(82,0.14056016811923303)
(83,0.14026004121617602)
(84,0.14006594047435128)
(85,0.13999373443232874)
(86,0.13984727741257458)
(87,0.13974782225853136)
(88,0.14039054330959994)
(89,0.1396361331481692)
(90,0.13935104335124257)
(91,0.139059145473241)
(92,0.1390063158591724)
(93,0.13884031908571007)
(94,0.1386579270928711)
(95,0.1384356660220901)
(96,0.13852031398581346)
(97,0.13850646309189027)
(98,0.13837783817906557)
(99,0.1383356530806049)
(100,0.1383190574180936)
(101,0.1382600309103044)
(102,0.13814251306337985)
(103,0.13785915155330525)
(104,0.13734539455512598)
(105,0.13719182439630798)
(106,0.13731703753391103)
(107,0.13729254572511657)
(108,0.13726734755560285)
(109,0.1372867688453713)
(110,0.13724196100945113)
(111,0.13719328030672898)
(112,0.13717842897708785)
(113,0.13708769692032532)
(114,0.13686009630278698)
(115,0.1368782462423729)
(116,0.1368659067371724)
(117,0.1368621009817213)
(118,0.13687396896559414)
(119,0.13679971089548498)
(120,0.13681917580922748)
(121,0.13677604636297164)
(122,0.1367680717725635)
(123,0.1367233500780539)
(124,0.13662987876389895)
(125,0.1365805142254758)
(126,0.13647870377094912)
(127,0.13647560432510603)
(128,0.13645743689448786)
(129,0.1364473057021378)
(130,0.1364130244879526)
(131,0.1363320359034404)
(132,0.13620842352855175)
(133,0.13618038367918286)
(134,0.1361582740016867)
(135,0.13614098525147617)
(136,0.1361112067177988)
(137,0.1361046494412124)
(138,0.1360880265306132)
(139,0.1360807799075935)
(140,0.13604911199211972)
(141,0.1359851303858176)
(142,0.13592814906588058)
(143,0.1358461408274485)
(144,0.1358224033626787)
(145,0.13582351262628117)
(146,0.13581114128968388)
(147,0.13577772489603293)
(148,0.13571970649264312)
(149,0.13562654530071813)
(150,0.13564663307863334)
(151,0.1356390586429303)
(152,0.13564409524806112)
(153,0.13564085981688204)
(154,0.1356299727404627)
(155,0.1356115669871583)
(156,0.13555209493842812)
(157,0.1354897835179541)
(158,0.1354705415605667)
(159,0.13550856445365533)
(160,0.1355007622651801)
(161,0.13550419568193606)
(162,0.13551092104094925)
(163,0.13554557281190052)
(164,0.13553871218332356)
(165,0.1355466988642943)
(166,0.135486643476343)
(167,0.13537165303307241)
(168,0.1352558084945472)
(169,0.13536665614196863)
(170,0.13531312314995134)
(171,0.13535829137882005)
(172,0.13532379074298648)
(173,0.13530181968556393)
(174,0.13527569097965922)
(175,0.13527476774644906)
(176,0.13521047302257905)
(177,0.13523446178610746)
(178,0.13520753760118082)
(179,0.13522487820207876)
(180,0.13521711272555478)
(181,0.1351950421106399)
(182,0.13516167908166277)
(183,0.13511100951764424)
(184,0.1350522843609451)
(185,0.13504122418392753)
(186,0.13510208709412122)
(187,0.13510043031969324)
(188,0.13508326472176588)
(189,0.13512362012523202)
(190,0.13512304108382867)
(191,0.13512000203335744)
(192,0.13512975877172315)
(193,0.1351579097834385)
(194,0.1351579972462074)
(195,0.13522378081160777)
(196,0.13520663503347305)
(197,0.13519866660325883)
(198,0.13520384133315563)
(199,0.1351499249023719)
(200,0.13515773296637085)
(201,0.13515499766678532)
(202,0.1351520504457182)
(203,0.1351671269348193)
(204,0.1351472857243075)
(205,0.13516433078193288)
(206,0.13515879041142473)
(207,0.13513554177480228)
(208,0.1351618738493861)
(209,0.1351561664645695)
(210,0.13513963282135524)
(211,0.13512015600269525)
(212,0.13509462972106145)
(213,0.13506945274084892)
(214,0.13503891491978956)
(215,0.13510300214956883)
(216,0.13509636811252015)
(217,0.13510103643055377)
(218,0.13511052585910532)
(219,0.13512808373233745)
(220,0.1351473425572624)
(221,0.13512725487582883)
(222,0.13514324330118394)
(223,0.13513812706023304)
(224,0.13511371989490759)
(225,0.13513836321944045)
(226,0.1351334444692024)
(227,0.13511811717671568)
(228,0.13509910992967594)
(229,0.135068321094303)
(230,0.13510278280421828)
(231,0.13509670817033706)
(232,0.13509019329775607)
(233,0.13509479188289925)
(234,0.13510453869324413)
(235,0.13507017469786012)
(236,0.13509858509215283)
(237,0.13508737049049976)
(238,0.13509173642076944)
(239,0.13509722756046125)
(240,0.13510102235799962)
(241,0.13510190909133826)
(242,0.13507532787771961)
(243,0.1351229692362018)
(244,0.13511677962885327)
(245,0.13511984697273843)
(246,0.13511496258493716)
(247,0.13511379429180093)
(248,0.1351194497464406)
(249,0.135117258883028)
(250,0.13511274979684465)
(251,0.1350980557109059)
(252,0.13510830875078797)
(253,0.13510423673555305)
(254,0.13511426900615742)
(255,0.13511838789607145)
(256,0.1351300033829011)
(257,0.13511830898144186)
(258,0.13510816761069508)
(259,0.135100786373946)
(260,0.13510421818329926)
(261,0.1351069782801429)
(262,0.1351137393378555)
(263,0.1351186291754845)
(264,0.13514671296267564)
(265,0.13515111291769508)
(266,0.13515612339737806)
(267,0.13517449042793714)
(268,0.13516005665253028)
(269,0.13516822301783096)
(270,0.1351644879343005)
(271,0.135129289241282)
(272,0.1351560911137671)
(273,0.1351574789272775)
(274,0.13514392373174963)
(275,0.13508909325644713)
(276,0.1351016090941273)
(277,0.13517549382723887)
(278,0.1352292377870123)
(279,0.1352386831436552)
(280,0.1352444551682417)
(281,0.13524871063599056)
(282,0.1352895744892911)
(283,0.13527045110024108)
(284,0.13526705758932564)
(285,0.13526843218557213)
(286,0.13528008676741662)
(287,0.13529822436554814)
(288,0.13534945330880876)
(289,0.13534787213556823)
(290,0.13534865485124348)
(291,0.13535247065634612)
(292,0.13533157431095214)
(293,0.13535489728549105)
(294,0.13534908800702425)
(295,0.13535885903070216)
(296,0.13535751930489828)
(297,0.13535598278507593)
(298,0.1353624095524324)
(299,0.1353554438602986)
(300,0.13533472103128089)
(301,0.13534676506137325)
(302,0.13535808849666692)
(303,0.13537883989976232)
(304,0.13542847857746337)
(305,0.13542708050708274)
(306,0.1354260482793757)
(307,0.13542466591167324)
(308,0.135421037231859)
(309,0.1354220534809376)
(310,0.13540600620038515)
(311,0.13539601413940316)
(312,0.13541328715813045)
(313,0.13539521400528917)
(314,0.135403435563257)
(315,0.13540468288453675)
(316,0.13540765587584713)
(317,0.13541246256966988)
(318,0.13540632930887683)
(319,0.13544143212419185)
(320,0.13557791820530227)
(321,0.135668133720182)
(322,0.13569759552382274)
(323,0.1356259516877869)
(324,0.1356056295975064)
(325,0.13555004223819372)
(326,0.13553013596724373)
(327,0.13549653345248638)
(328,0.13550833625376815)
(329,0.13550957049525067)
(330,0.13550504010059883)
(331,0.13547964863482684)
(332,0.13550521144336086)
(333,0.13563966137043473)
(334,0.13558010459647066)
(335,0.13558629293206953)
(336,0.13558158292325986)
(337,0.1355540049306212)
(338,0.1354682544325718)
(339,0.1355095800792522)
(340,0.13551214213486595)
(341,0.13548152924615842)
(342,0.13552025397411505)
(343,0.13552578665596154)
(344,0.13552014855941089)
(345,0.13553651828256033)
(346,0.13554072642500858)
(347,0.1355482599799664)
(348,0.13556140155198446)
(349,0.13558889053489354)
(350,0.13559270674606294)
(351,0.13559750686365282)
(352,0.13560302799110774)
(353,0.1356179087238955)
(354,0.13563054329073052)
(355,0.13563517637596836)
(356,0.13561470209202678)
(357,0.1355787627927011)
(358,0.13571100474423117)
(359,0.13571104506989345)
(360,0.13570753679057784)
(361,0.1357217991221703)
(362,0.13576163955694578)
(363,0.13576424938023526)
(364,0.1357894261932117)
(365,0.13579041584261778)
(366,0.13578968419152398)
(367,0.1357896396521439)
(368,0.13578847206808273)
(369,0.13578282777553177)
(370,0.13578099416778397)
(371,0.1357971510652556)
(372,0.13579587098974105)
(373,0.13581150565148792)
(374,0.13580956150896434)
(375,0.13581558917599054)
(376,0.13582607710935732)
(377,0.135840097881185)
(378,0.13589197604718525)
(379,0.1358983756095732)
(380,0.1359085262299249)
(381,0.13594360457881566)
(382,0.13593230267734716)
(383,0.13594436187449246)
(384,0.13594827001915472)
(385,0.13596071794414008)
(386,0.13596388287761274)
(387,0.13597418141419687)
(388,0.13600540720557383)
(389,0.13600432829921763)
(390,0.13597608091826976)
(391,0.135916669773334)
(392,0.13599730031886278)
(393,0.1359992619727701)
(394,0.1360134082625118)
(395,0.13608380010114335)
(396,0.13607389199946887)
(397,0.13605605978472168)
(398,0.13599277567546084)
(399,0.13583393947923167)
(400,0.13597984315481818)
(401,0.13599736718804967)
(402,0.13602230012756772)
(403,0.13611815165939212)
(404,0.1361084743139447)
(405,0.1361182664730254)
(406,0.13616735326011073)
(407,0.13615419830705142)
(408,0.13615710807657833)
(409,0.13618141422188418)
(410,0.13627545167703373)
(411,0.13632137783335638)
(412,0.13630083145750074)
(413,0.13630166564867383)
(414,0.13631370928944578)
(415,0.13630258672018122)
(416,0.13630155899583374)
(417,0.13629822378705062)
(418,0.13628829109045343)
(419,0.13627468253277164)
(420,0.13626826543327764)
(421,0.13625482016888366)
(422,0.13626116597804827)
(423,0.13632640514283315)
(424,0.13630657538277377)
(425,0.13630232271506593)
(426,0.1363186180029175)
(427,0.13642810827716984)
(428,0.13643387945451163)
(429,0.13642205946383415)
(430,0.13641099260024495)
(431,0.1364027953649701)
(432,0.13642914114314847)
(433,0.13636274626330125)
(434,0.13636694513637285)
(435,0.13635946214054598)
(436,0.1363315881752357)
(437,0.13625936392730442)
(438,0.13608361634069394)
(439,0.13621693310073457)
(440,0.13623725687766014)
(441,0.13626049447906616)
(442,0.1363545787821734)
(443,0.1363470939229439)
(444,0.13635599953606048)
(445,0.13639607262593656)
(446,0.13653963841826008)
(447,0.136495757239598)
(448,0.13649814316605077)
(449,0.13649552923959732)
(450,0.1364692133991806)
(451,0.13636736353243345)
(452,0.13640766929768713)
(453,0.13641703762668453)
(454,0.1364229508644527)
(455,0.13645380135274687)
(456,0.1365675262818994)
(457,0.13654538484089215)
(458,0.1365440338549597)
(459,0.1365448946123481)
(460,0.13653803243226073)
(461,0.1364977527688528)
(462,0.13637501253685616)
(463,0.1364272352894861)
(464,0.13645870389331152)
(465,0.13647126724947256)
(466,0.1365189978575955)
(467,0.13662186495352802)
(468,0.13662376483622518)
(469,0.13666528447189524)
(470,0.13665723814238528)
(471,0.13665847003116932)
(472,0.1366756251267173)
(473,0.1367438063740675)
(474,0.13673849677033068)
(475,0.13675966516534246)
(476,0.13674726468286347)
(477,0.13672644629308778)
(478,0.13672931481901487)
(479,0.13668892338831418)
(480,0.13671490471150727)
(481,0.13668067729477681)
(482,0.1367012521995013)
(483,0.1366955856065662)
(484,0.13667698661826164)
(485,0.13664299657344867)
(486,0.13665029780675833)
(487,0.13663820702560106)
(488,0.1365898674583795)
(489,0.13646516884144194)
(490,0.13653652024385418)
(491,0.13649200484079935)
(492,0.13649329549459555)
(493,0.1365072964021044)
(494,0.13653361870828531)
(495,0.1365119354969577)
(496,0.13648621597004343)
(497,0.13642229096941805)
(498,0.1362938323785358)
(499,0.1363169547897105)
(500,0.13628862391278915)

best val error :0.13503891491978956
