(1,1.2901156134118512)
(2,0.8964593229376924)
(3,0.7479901373107081)
(4,0.6695645680341896)
(5,0.6156130370270847)
(6,0.569980054472651)
(7,0.5246294468414814)
(8,0.4775005147455409)
(9,0.43044461004790907)
(10,0.3831760759546428)
(11,0.33437241945630325)
(12,0.3165262558179315)
(13,0.2662466650978362)
(14,0.2504973258602045)
(15,0.22777971298568112)
(16,0.21301028199156835)
(17,0.20070670958739273)
(18,0.177537777421827)
(19,0.16103294048390757)
(20,0.14542026075272493)
(21,0.13820860588501543)
(22,0.13100734989633084)
(23,0.12620330756825474)
(24,0.11982599772178469)
(25,0.11689870973915957)
(26,0.11329319581119895)
(27,0.10999456285421949)
(28,0.10826296217920942)
(29,0.10547428108958819)
(30,0.1016254326935698)
(31,0.09899392006925592)
(32,0.09706700227132047)
(33,0.09576739916668651)
(34,0.09433989838085229)
(35,0.09268249148867186)
(36,0.09179707005795733)
(37,0.09125502379834263)
(38,0.09009374152415892)
(39,0.08865130504637932)
(40,0.08797162928646793)
(41,0.08357833209932575)
(42,0.0811757962571992)
(43,0.07940119254610067)
(44,0.07850097131025717)
(45,0.07788010540799696)
(46,0.07740716848078978)
(47,0.07712432472827681)
(48,0.0765431436111205)
(49,0.07555511025327054)
(50,0.07418153031544315)
(51,0.07351569000142977)
(52,0.07274233455737016)
(53,0.07238446381958094)
(54,0.07204145834745887)
(55,0.07132525316756942)
(56,0.07104326356896701)
(57,0.07083922473108792)
(58,0.07044459673444307)
(59,0.07017830994378146)
(60,0.06943398928845405)
(61,0.06919759368692234)
(62,0.06893309166143409)
(63,0.06847843414046105)
(64,0.06730467655597894)
(65,0.06628715711981858)
(66,0.06597128228496192)
(67,0.0655544309856347)
(68,0.06511770557443222)
(69,0.06462641012515147)
(70,0.06434337023588399)
(71,0.06415857396689614)
(72,0.06389259989715554)
(73,0.0636220243232806)
(74,0.06348663577534129)
(75,0.06321354388408224)
(76,0.06292308757651596)
(77,0.06270409264073468)
(78,0.062428541782841324)
(79,0.06226454153440694)
(80,0.06217004694317827)
(81,0.062009508825398144)
(82,0.061904926591429994)
(83,0.06168745103548266)
(84,0.06145815831208805)
(85,0.06120288253015785)
(86,0.061072152599792054)
(87,0.060852693584010326)
(88,0.060708639502053)
(89,0.06046637027536149)
(90,0.06031603623701092)
(91,0.06021680147446695)
(92,0.06000107092678101)
(93,0.059648131977577006)
(94,0.059357010870135785)
(95,0.058179976668995374)
(96,0.05782659962723046)
(97,0.057651918878025045)
(98,0.057495370831959804)
(99,0.05740719085858239)
(100,0.057214184861216995)
(101,0.057134110057414825)
(102,0.05696494301009173)
(103,0.056730398854137304)
(104,0.05647113987051721)
(105,0.0559669321215676)
(106,0.05511888645804596)
(107,0.05435672134540286)
(108,0.054003441312801236)
(109,0.05380582159121936)
(110,0.05364562689680543)
(111,0.053428370752276584)
(112,0.053278796152776614)
(113,0.05320189407631413)
(114,0.05302865866140885)
(115,0.05279481812315596)
(116,0.052658953942439746)
(117,0.05243192379917601)
(118,0.052201820086912896)
(119,0.05188363355188553)
(120,0.0517361243242696)
(121,0.051624369904693525)
(122,0.05155063347991027)
(123,0.05142634047677666)
(124,0.05127720926238193)
(125,0.05118481121475331)
(126,0.050673069103711846)
(127,0.05057302442571784)
(128,0.05038749115949804)
(129,0.05030673868757626)
(130,0.05015416998291532)
(131,0.05001699139297494)
(132,0.049797111405294595)
(133,0.04966227075923993)
(134,0.04958073295865055)
(135,0.04953248930064073)
(136,0.049431023602201786)
(137,0.049229076460902736)
(138,0.04888143799291296)
(139,0.04862447049325023)
(140,0.04825249579838404)
(141,0.04814760028166145)
(142,0.04800375090344331)
(143,0.04792725685248114)
(144,0.047871652329601076)
(145,0.047767120618699165)
(146,0.04769763223723404)
(147,0.04765822684141368)
(148,0.047562871773829625)
(149,0.04738207823914168)
(150,0.047079134547712946)
(151,0.0466518793777654)
(152,0.046135527784345355)
(153,0.04581162055491641)
(154,0.04565940637367141)
(155,0.04555036305678417)
(156,0.045472764838638685)
(157,0.04540961157930181)
(158,0.045363796644859754)
(159,0.04530005920552703)
(160,0.04522006911596996)
(161,0.04518040735443222)
(162,0.04512703745625844)
(163,0.045035059635715975)
(164,0.04479480843937977)
(165,0.04465449870867487)
(166,0.04460794601953281)
(167,0.044532137053550865)
(168,0.04436753981418939)
(169,0.044310072502202306)
(170,0.044190883297215204)
(171,0.04404952256733944)
(172,0.04386027482850115)
(173,0.04379330561531131)
(174,0.04373298608215696)
(175,0.04369475570429297)
(176,0.043601420993383655)
(177,0.043415073577892295)
(178,0.043122679156838546)
(179,0.04300640746932763)
(180,0.042679461154034405)
(181,0.04257765525753368)
(182,0.04253635967029375)
(183,0.042481410087967894)
(184,0.042410797880994854)
(185,0.042380516690983146)
(186,0.04230809402661499)
(187,0.04216999877860646)
(188,0.04195029931519145)
(189,0.041864814521178496)
(190,0.041806765544150706)
(191,0.04175880191343194)
(192,0.04172558495594288)
(193,0.04165498843304777)
(194,0.04152845335075883)
(195,0.04130381519664907)
(196,0.04102328199262204)
(197,0.040910649122763626)
(198,0.04082273780760046)
(199,0.04077600821626559)
(200,0.04075153548641701)
(201,0.040695819921736875)
(202,0.04060674877545202)
(203,0.040556530360350986)
(204,0.04050545584211152)
(205,0.04043542907188537)
(206,0.04035483015793393)
(207,0.040285307566859385)
(208,0.040242630233235974)
(209,0.0402152049984063)
(210,0.0401598065448654)
(211,0.04005051223101598)
(212,0.03983651899530215)
(213,0.03975536021154178)
(214,0.03971177900672608)
(215,0.039650224851009316)
(216,0.03956802254290801)
(217,0.03936060923436375)
(218,0.03930565819942625)
(219,0.03922557895774093)
(220,0.03917507627668346)
(221,0.0391363808200535)
(222,0.03911689998572318)
(223,0.03907826151402749)
(224,0.0390189314016258)
(225,0.03896147752981317)
(226,0.038938333383849735)
(227,0.03889721489017219)
(228,0.03880044427968479)
(229,0.03862552443732808)
(230,0.038583695532192507)
(231,0.038544191653041085)
(232,0.03850097945405229)
(233,0.03847465266001088)
(234,0.038450166992361375)
(235,0.03841588348752177)
(236,0.03834804376457374)
(237,0.038307468295293905)
(238,0.03828506305469564)
(239,0.038227329188152664)
(240,0.03820214195068828)
(241,0.03813946319980352)
(242,0.038025487294381204)
(243,0.03790118579552168)
(244,0.03781782021378029)
(245,0.037780780820335105)
(246,0.03774259471965735)
(247,0.03771610417995981)
(248,0.03769528738497882)
(249,0.03763575950907219)
(250,0.03761559910918695)
(251,0.037571896947411317)
(252,0.03748541308245541)
(253,0.03733364385721578)
(254,0.037295586500104484)
(255,0.037258238164837656)
(256,0.03722571269292082)
(257,0.03716305302776102)
(258,0.037129690981130066)
(259,0.03710511501885072)
(260,0.037030656103336015)
(261,0.0370039480298166)
(262,0.03695111095452481)
(263,0.036918693076769205)
(264,0.03686734309369029)
(265,0.03682542050566748)
(266,0.03679931306750512)
(267,0.03676046637399235)
(268,0.03672132794400864)
(269,0.03670152982784075)
(270,0.03665516887815987)
(271,0.03658666658541902)
(272,0.036545350810744705)
(273,0.03651540299591062)
(274,0.03649581777435137)
(275,0.03646463957993596)
(276,0.036418997524169376)
(277,0.03637603901071875)
(278,0.03623525003520715)
(279,0.03619175486396088)
(280,0.03612372180017756)
(281,0.03607295076590502)
(282,0.036034611759306716)
(283,0.0360042263201423)
(284,0.03598742072889472)
(285,0.03595141398387974)
(286,0.03587783361176752)
(287,0.03574855909430108)
(288,0.035720661787005184)
(289,0.03569226095767593)
(290,0.03566156544716593)
(291,0.03564287155769776)
(292,0.035628225187217116)
(293,0.035598214105638876)
(294,0.03555268618358844)
(295,0.0355278391077798)
(296,0.03551370087900541)
(297,0.035475664767419555)
(298,0.035459054533508554)
(299,0.03541921433862953)
(300,0.03534752559072043)
(301,0.035233369380716965)
(302,0.035091550701252486)
(303,0.03497928275935829)
(304,0.03493029736419458)
(305,0.03487910963959926)
(306,0.03485360416788282)
(307,0.03482814854214547)
(308,0.03476471582959199)
(309,0.034683987141276726)
(310,0.03466450322483292)
(311,0.03462995811886986)
(312,0.03458567507929317)
(313,0.034452303928755236)
(314,0.034402434330928246)
(315,0.03436177497660135)
(316,0.03431954076303956)
(317,0.03429150891927835)
(318,0.03427603479864674)
(319,0.03424244174662776)
(320,0.03418125397969976)
(321,0.03411940041766949)
(322,0.03407760758043947)
(323,0.03403226175123977)
(324,0.03398928335759379)
(325,0.0339742693813265)
(326,0.03395520248562645)
(327,0.033902545737054195)
(328,0.033839971525679684)
(329,0.03378016225897296)
(330,0.03376658587876621)
(331,0.033746818292282384)
(332,0.03370255569814712)
(333,0.03367202488898446)
(334,0.033654463113294494)
(335,0.033641918303147306)
(336,0.03360377008640632)
(337,0.03356167491650319)
(338,0.03354035638203494)
(339,0.03350652215241464)
(340,0.033479736796358975)
(341,0.033455950876144856)
(342,0.033416939036936426)
(343,0.03339418757214116)
(344,0.0333453124817817)
(345,0.03331787777337182)
(346,0.033299894551116836)
(347,0.033276230751148946)
(348,0.033242735922526585)
(349,0.03322862460504756)
(350,0.03321966034532101)
(351,0.033172415463619875)
(352,0.03306335432925152)
(353,0.03304111906591303)
(354,0.033009842491035855)
(355,0.03299407311550431)
(356,0.032981253361216004)
(357,0.0329675194922753)
(358,0.03294410723746861)
(359,0.0329045013753757)
(360,0.032880396302695646)
(361,0.032842670226210874)
(362,0.03281981818295035)
(363,0.032806329917193684)
(364,0.03278943300781225)
(365,0.03275658750314645)
(366,0.03272047502119705)
(367,0.03268961896185271)
(368,0.03267582274541256)
(369,0.03266712034051819)
(370,0.032650925021404126)
(371,0.032617126644269696)
(372,0.032548989911072655)
(373,0.032466589614980446)
(374,0.03243438095035485)
(375,0.03240809422048934)
(376,0.032388361071701254)
(377,0.032374045359801915)
(378,0.032358466646562146)
(379,0.0323308843104994)
(380,0.032317762039711595)
(381,0.03230879003637355)
(382,0.03228052847866739)
(383,0.03227062715034672)
(384,0.03225113271450945)
(385,0.03221076825489468)
(386,0.03213562856063593)
(387,0.0320880702358572)
(388,0.0320228038721978)
(389,0.0319939470945936)
(390,0.031982299596238176)
(391,0.031965685006959524)
(392,0.03194824887778017)
(393,0.03194035895141512)
(394,0.03192112355989922)
(395,0.031884599179461286)
(396,0.03182224306522622)
(397,0.03172806043872138)
(398,0.0317002561361321)
(399,0.031680019318473564)
(400,0.031659815540023034)
(401,0.03164497658420892)
(402,0.03163554167914429)
(403,0.031615098161679185)
(404,0.03157838240369629)
(405,0.03151549550753978)
(406,0.03144191216834874)
(407,0.03139515094541421)
(408,0.03135541398373655)
(409,0.03130825261869753)
(410,0.03129862798756696)
(411,0.03127848705897451)
(412,0.031269059092573985)
(413,0.031247676815749297)
(414,0.03120946754593125)
(415,0.03114852578675104)
(416,0.031045924889590612)
(417,0.030959081134088025)
(418,0.030868460556102196)
(419,0.030847806078282445)
(420,0.030834916381329645)
(421,0.030805525419289218)
(422,0.03075232475526497)
(423,0.030679903195516157)
(424,0.03067302928121926)
(425,0.030626473305976214)
(426,0.030612155709404388)
(427,0.03060479638364975)
(428,0.03058803431507645)
(429,0.030580669095227747)
(430,0.030564053744541884)
(431,0.03053588514595314)
(432,0.030502306295468122)
(433,0.030467444195916422)
(434,0.03045384027679231)
(435,0.03042998409924437)
(436,0.030390649240524096)
(437,0.030354280227786776)
(438,0.0303332852314068)
(439,0.030320656423409968)
(440,0.030298309215481607)
(441,0.030279746714144698)
(442,0.030269899328655796)
(443,0.03024930238672622)
(444,0.030214478435326743)
(445,0.030185064432930897)
(446,0.0301250353507611)
(447,0.030113666675069796)
(448,0.030102957123925186)
(449,0.03007060724086963)
(450,0.029995624118614374)
(451,0.029976747745640242)
(452,0.029961313932275014)
(453,0.029954289551256067)
(454,0.029939051916111514)
(455,0.0299313887885828)
(456,0.029914255589794762)
(457,0.029882729347556876)
(458,0.029831349168475633)
(459,0.029746078401258137)
(460,0.02966030276632145)
(461,0.02960077736703012)
(462,0.02958054832859936)
(463,0.029569209719496326)
(464,0.02954944878645166)
(465,0.02953291517751502)
(466,0.02947676777772726)
(467,0.02942707140982346)
(468,0.02940090837926663)
(469,0.02938252676286921)
(470,0.029372467070377422)
(471,0.029349834908366262)
(472,0.029342337963025444)
(473,0.029331139203288586)
(474,0.02931129267346053)
(475,0.029285929831982818)
(476,0.029224219747230114)
(477,0.02920295180668819)
(478,0.029166000001764825)
(479,0.02915775880049166)
(480,0.029145064747875073)
(481,0.02913403509962504)
(482,0.029128573379308197)
(483,0.02911535989796015)
(484,0.02909062730826617)
(485,0.029049577131694294)
(486,0.028983278060561474)
(487,0.02889278058773511)
(488,0.028883252373630396)
(489,0.028864247878321436)
(490,0.028846254325733907)
(491,0.028838863263805907)
(492,0.028825836116838213)
(493,0.02881674850675257)
(494,0.028798049136890595)
(495,0.02877177956993406)
(496,0.02875326222688244)
(497,0.02874420832522023)
(498,0.028722637036260382)
(499,0.028681612854931204)
(500,0.028613225902345635)
(501,0.02851385289735126)
(502,0.0284975251960141)
(503,0.028466736267751185)
(504,0.02845372107158843)
(505,0.02844652712704933)
(506,0.028432758643377434)
(507,0.028417959172486813)
(508,0.028395527049468353)
(509,0.028383550020993537)
(510,0.028369252797551144)
(511,0.028354557230578562)
(512,0.02834660366893528)
(513,0.028333351202147052)
(514,0.028328269840385837)
(515,0.028295512318561627)
(516,0.028282008548072782)
(517,0.02827396486517319)
(518,0.028261185464039523)
(519,0.028251129136805105)
(520,0.02824537693674597)
(521,0.028231994441657214)
(522,0.028208841493600853)
(523,0.028195857376906226)
(524,0.028188840942835622)
(525,0.0281723169849778)
(526,0.028149216430328798)
(527,0.028135516402077343)
(528,0.028120155709238114)
(529,0.028105929450091358)
(530,0.02808259464180954)
(531,0.028069416483306773)
(532,0.028063502084022363)
(533,0.02805091655158716)
(534,0.02803966341260599)
(535,0.028020892951500398)
(536,0.028012241623749858)
(537,0.02800270411448765)
(538,0.027986168926792218)
(539,0.02797421035656236)
(540,0.027962834933483154)
(541,0.027950799775024314)
(542,0.027945909564460025)
(543,0.027944410678541542)
(544,0.02793026751077569)
(545,0.02788363376743357)
(546,0.027865090227846546)
(547,0.02784396598559729)
(548,0.02782872493696958)
(549,0.027813199079127264)
(550,0.02780481470869784)
(551,0.02779953209947759)
(552,0.027790009495710626)
(553,0.027774812485916605)
(554,0.027755848457320913)
(555,0.027725612452409516)
(556,0.027714327807739136)
(557,0.02769505640897517)
(558,0.02768254059801673)
(559,0.027670349346957047)
(560,0.02766287678739528)
(561,0.02765670792986542)
(562,0.027653514713332765)
(563,0.027645558232165544)
(564,0.027631419768043855)
(565,0.02761222062184713)
(566,0.027597981238491765)
(567,0.027591612424924212)
(568,0.02758067540856728)
(569,0.027573203631336224)
(570,0.027541520736151674)
(571,0.027519540054173904)
(572,0.027512236220140353)
(573,0.0275066113881058)
(574,0.027502316006277127)
(575,0.027498965388065264)
(576,0.027490832882526)
(577,0.027488162067049012)
(578,0.027481681973182674)
(579,0.027469955211387714)
(580,0.027450666566060215)
(581,0.02742911009931645)
(582,0.02738201881504957)
(583,0.027325200240256402)
(584,0.027306862547421307)
(585,0.027277523901311777)
(586,0.027269353765415776)
(587,0.027264649249563074)
(588,0.027254725840452534)
(589,0.027241608287362124)
(590,0.027227605437379704)
(591,0.027221239960422233)
(592,0.02720759978909368)
(593,0.02720084610128055)
(594,0.02718667369744677)
(595,0.0271747961694213)
(596,0.02715325423615126)
(597,0.027148645073006034)
(598,0.027139837848438736)
(599,0.027123696871120272)
(600,0.027094432303886723)
(601,0.02707583409258431)
(602,0.027047773128076314)
(603,0.027031055593917466)
(604,0.02702390043677053)
(605,0.027020124411745262)
(606,0.027010243847099494)
(607,0.026986615713933258)
(608,0.026974705809751337)
(609,0.026951839547121888)
(610,0.026946519599681192)
(611,0.02693622163886475)
(612,0.026917986699721584)
(613,0.026910866136013283)
(614,0.026907152991398044)
(615,0.026898173974631467)
(616,0.02688232086836529)
(617,0.026862249123071214)
(618,0.026849262404891695)
(619,0.026839763404051083)
(620,0.026834575905882927)
(621,0.0268228744144132)
(622,0.02680107974696863)
(623,0.026791959864578364)
(624,0.026784772825279635)
(625,0.026780066776433912)
(626,0.026769101137309292)
(627,0.026749993958968106)
(628,0.026731956811075628)
(629,0.02670692214263089)
(630,0.026701310350529223)
(631,0.026697092117692715)
(632,0.026688466388818326)
(633,0.026675095636267677)
(634,0.026640399343332555)
(635,0.02662669310033837)
(636,0.026617628994759626)
(637,0.026612643403758747)
(638,0.026600605927927717)
(639,0.026595483342498064)
(640,0.026582961575962755)
(641,0.026561424344952324)
(642,0.026535294077238886)
(643,0.02651394090618564)
(644,0.02650136086779512)
(645,0.02647846087992065)
(646,0.026467620632186262)
(647,0.0264552593310718)
(648,0.02644303489291951)
(649,0.026437741558023278)
(650,0.02642633136256399)
(651,0.026423064196052143)
(652,0.026404183068438048)
(653,0.026393157543358903)
(654,0.026388364907617885)
(655,0.026377772809809165)
(656,0.02636526336839224)
(657,0.026355426032195615)
(658,0.026348591427171233)
(659,0.02634170580037637)
(660,0.026338438813645604)
(661,0.026331718375843957)
(662,0.02632800168748451)
(663,0.026321293619433316)
(664,0.026316826210941606)
(665,0.02630765537839739)
(666,0.026298147834213036)
(667,0.026284784069601292)
(668,0.026280039264168404)
(669,0.02626888911825186)
(670,0.02624794308422543)
(671,0.02621742886097815)
(672,0.026206523189935285)
(673,0.02620201811170158)
(674,0.026193018235428998)
(675,0.026178662474240735)
(676,0.026166857976396212)
(677,0.026160437994666483)
(678,0.02615627136079519)
(679,0.026146111767287445)
(680,0.026134123501664313)
(681,0.02612537087974411)
(682,0.02611440067991492)
(683,0.026102327974143413)
(684,0.02609909498743779)
(685,0.02609201514359567)
(686,0.026083008570839002)
(687,0.02607321527244392)
(688,0.02605224898767984)
(689,0.026045722895778382)
(690,0.026041439410130617)
(691,0.026032238218229434)
(692,0.026027094585737487)
(693,0.026022047952091055)
(694,0.026011916392877827)
(695,0.026007877359915204)
(696,0.026000853313746877)
(697,0.02598777216194849)
(698,0.025963296929669914)
(699,0.02594987674946735)
(700,0.02594572323032969)
(701,0.025939437363133526)
(702,0.02592749080985429)
(703,0.025914406766113455)
(704,0.02590923969391145)
(705,0.025900001885276896)
(706,0.025896194432016028)
(707,0.02587879686821803)
(708,0.025862520288407364)
(709,0.025855952784908768)
(710,0.025846901673810183)
(711,0.025833350677492033)
(712,0.025826387932073022)
(713,0.02581167048564653)
(714,0.025781242614069715)
(715,0.025745306990879607)
(716,0.02572810325216715)
(717,0.025703381293178767)
(718,0.025694292976668438)
(719,0.02568943262361772)
(720,0.025681015056014472)
(721,0.02567436091312296)
(722,0.02567088083765243)
(723,0.02566304448985075)
(724,0.025648106652332903)
(725,0.02562213286622226)
(726,0.025579607957286626)
(727,0.02557396603250166)
(728,0.02556450569662297)
(729,0.025550517203928157)
(730,0.025539850214480003)
(731,0.02553518032868465)
(732,0.02552874277851751)
(733,0.025522143579241423)
(734,0.025510732002200012)
(735,0.025504865680538207)
(736,0.02550113053086747)
(737,0.025492984176735126)
(738,0.025481319440319332)
(739,0.025472030441255393)
(740,0.025466095313225426)
(741,0.02546274360783836)
(742,0.025455750628095616)
(743,0.025451606095038454)
(744,0.02544301080208596)
(745,0.02542667208155131)
(746,0.02540332365578134)
(747,0.02539255739855388)
(748,0.025388460705700965)
(749,0.025381973130161998)
(750,0.025375208681542864)
(751,0.025371760223989327)
(752,0.025364125014300166)
(753,0.025348477609417074)
(754,0.025318609300843276)
(755,0.025261700836035565)
(756,0.02524855907050017)
(757,0.02524163994125752)
(758,0.025237817042008344)
(759,0.025234589847300735)
(760,0.025232301763070033)
(761,0.025228816243219147)
(762,0.025225884224207493)
(763,0.025224447317256638)
(764,0.025221064872968338)
(765,0.02521490425653622)
(766,0.02520388768167431)
(767,0.025197241524782508)
(768,0.025186073302531874)
(769,0.025181900640237134)
(770,0.02517622415380134)
(771,0.02517329391682573)
(772,0.025171548208667485)
(773,0.025168971481303464)
(774,0.02516476665987776)
(775,0.025151728786856998)
(776,0.025146040032730247)
(777,0.025142816756141304)
(778,0.02513978729102015)
(779,0.025137824788418344)
(780,0.025136014733614216)
(781,0.02513415890202195)
(782,0.02512461049448163)
(783,0.0251218424249618)
(784,0.02512009616408536)
(785,0.025116657142157953)
(786,0.025112259811229557)
(787,0.025104412065268998)
(788,0.025095307011157444)
(789,0.025091970369723767)
(790,0.02508897514240617)
(791,0.025086644643778286)
(792,0.02508480938372411)
(793,0.025080740994718173)
(794,0.025079309644439406)
(795,0.02507629535118383)
(796,0.025071113918485054)
(797,0.025060379602349102)
(798,0.025055693805812743)
(799,0.025053082342448945)
(800,0.025049287212930562)
(801,0.02503853674240147)
(802,0.025029824714392624)
(803,0.0250115807935928)
(804,0.025010547327661715)
(805,0.025002849953487775)
(806,0.02499894725730487)
(807,0.02499576791918773)
(808,0.024994065536248236)
(809,0.024992192453159052)
(810,0.024988830507879266)
(811,0.024973314352592747)
(812,0.024970104494104788)
(813,0.02496681526837675)
(814,0.02496345228936978)
(815,0.024961504367864273)
(816,0.024961016716856247)
(817,0.024959393738394064)
(818,0.024941763362625775)
(819,0.02493791163640119)
(820,0.024933577065344603)
(821,0.024929605019483488)
(822,0.024927131053588344)
(823,0.02492582249065398)
(824,0.024923025898982824)
(825,0.024918226274638643)
(826,0.024908064972320808)
(827,0.024904084287535346)
(828,0.02490170867182786)
(829,0.02489637725734111)
(830,0.024885885484546604)
(831,0.024869502884453377)
(832,0.024866060419312004)
(833,0.024862160545998678)
(834,0.024859933676253474)
(835,0.024858645872569158)
(836,0.024855967974421175)
(837,0.02485133192521781)
(838,0.02484112529314256)
(839,0.024837176206467148)
(840,0.02483482990358401)
(841,0.02482972808594987)
(842,0.024819536142023035)
(843,0.024806247146997147)
(844,0.024791741568318336)
(845,0.02474407415835985)
(846,0.024726867549556376)
(847,0.024722272248609328)
(848,0.02471915122282689)
(849,0.0247174148238431)
(850,0.024715019185517013)
(851,0.024711842833001242)
(852,0.024710644137050437)
(853,0.024707966662078796)
(854,0.02470321768585886)
(855,0.024693599770587757)
(856,0.024690620915361887)
(857,0.024685424191296646)
(858,0.02468221812771429)
(859,0.0246794318480131)
(860,0.024676766325096446)
(861,0.024675219359801683)
(862,0.024673793078590144)
(863,0.024671483077313306)
(864,0.024659602627942364)
(865,0.024654766707089097)
(866,0.02465153943503104)
(867,0.02464829575166119)
(868,0.024646426813255906)
(869,0.0246453558723254)
(870,0.0246428388517234)
(871,0.024638362294990546)
(872,0.024630590997340596)
(873,0.024627093356538586)
(874,0.024625091830034987)
(875,0.024620608370475985)
(876,0.024611718764901692)
(877,0.024598166280950715)
(878,0.02459488871327574)
(879,0.02459163652930373)
(880,0.02458985164025589)
(881,0.024588798866097515)
(882,0.024586364352279847)
(883,0.024581935899203346)
(884,0.024573435499333437)
(885,0.024571030371344383)
(886,0.02455905074984729)
(887,0.02455720542145292)
(888,0.02455230610831162)
(889,0.0245497291115368)
(890,0.024548265263212438)
(891,0.02454678150237056)
(892,0.02454486659537488)
(893,0.0245364042000917)
(894,0.02452928451967032)
(895,0.02452632148006905)
(896,0.02452340045631453)
(897,0.02452164688471685)
(898,0.024520637853417147)
(899,0.024518216915856216)
(900,0.024513960505960105)
(901,0.024507719638919748)
(902,0.024503685363927392)
(903,0.024501780627904476)
(904,0.024497631282145764)
(905,0.02448958592933956)
(906,0.024475988106153614)
(907,0.024473445756825273)
(908,0.024470588538640214)
(909,0.024468972399090478)
(910,0.024468876902631415)
(911,0.024467793881949598)
(912,0.024453703993367767)
(913,0.024450648112187466)
(914,0.024446329077595978)
(915,0.02444283332110543)
(916,0.024440911653042716)
(917,0.02443983535968731)
(918,0.02443751539492489)
(919,0.024433534870456897)
(920,0.024426161531972076)
(921,0.02442216955037219)
(922,0.02442015446838862)
(923,0.02441728947332638)
(924,0.024409416946854837)
(925,0.0244036481239619)
(926,0.02438752650472355)
(927,0.024387412916287893)
(928,0.02438391382235257)
(929,0.024379167269941087)
(930,0.024376739057777395)
(931,0.0243754414784253)
(932,0.02437390253104377)
(933,0.024371475127661132)
(934,0.02435868403422637)
(935,0.024356047477500233)
(936,0.024353897594489388)
(937,0.024351846693361268)
(938,0.0243504933193635)
(939,0.024348971872988578)
(940,0.02434632577392738)
(941,0.024333679566909842)
(942,0.024331472547147043)
(943,0.024328895754921673)
(944,0.02432582518210806)
(945,0.02432409391248477)
(946,0.0243231166448442)
(947,0.024320859244330986)
(948,0.024316762545258407)
(949,0.024308969726245837)
(950,0.024308011835439926)
(951,0.024303413464657066)
(952,0.024290949749209357)
(953,0.02428522346678024)
(954,0.024271284412358953)
(955,0.024266217010335957)
(956,0.024263772652081423)
(957,0.02426222313877638)
(958,0.024261266986500607)
(959,0.024259123753815618)
(960,0.024251018266190683)
(961,0.02424766448958561)
(962,0.024238960706927083)
(963,0.02423638510519104)
(964,0.02423391410278996)
(965,0.02423277537680135)
(966,0.024230662047429675)
(967,0.024227326277026232)
(968,0.024218945985090577)
(969,0.024214903068101073)
(970,0.024212830536133035)
(971,0.024210561881071405)
(972,0.024203210166044122)
(973,0.02419961508179382)
(974,0.02418978007117784)
(975,0.02417534593081)
(976,0.024171224336937115)
(977,0.02416881322053645)
(978,0.024164097481991966)
(979,0.024159403566202428)
(980,0.024150950687777915)
(981,0.02414765271051498)
(982,0.02414044599533055)
(983,0.02413706874187178)
(984,0.024129958907262335)
(985,0.02412532551200784)
(986,0.024118590273694007)
(987,0.02411572166775001)
(988,0.0241067792837103)
(989,0.02410046012066124)
(990,0.024097980220145473)
(991,0.024094609312720425)
(992,0.024091756450100664)
(993,0.024090186903313934)
(994,0.024086427556228227)
(995,0.024080930952699423)
(996,0.024077041256658587)
(997,0.024075093545025652)
(998,0.024070618502823642)
(999,0.024061937253116922)
(1000,0.024046961798068818)
(1,1.3236614607852617)
(2,0.9250064815766919)
(3,0.7723106894424232)
(4,0.6920856995348786)
(5,0.6383549822545128)
(6,0.5932635364455334)
(7,0.5503969659746234)
(8,0.5063325601040696)
(9,0.4594770688197742)
(10,0.41513036102101547)
(11,0.3700444166817725)
(12,0.35941602579376547)
(13,0.31514161616971176)
(14,0.3043008206981625)
(15,0.2886269715868672)
(16,0.2744887998493858)
(17,0.26073164740006766)
(18,0.23909990735216594)
(19,0.2197678950324071)
(20,0.2071993087218542)
(21,0.20095279782805317)
(22,0.19474017744362568)
(23,0.19354516678122255)
(24,0.18860391171630478)
(25,0.18545588609045643)
(26,0.18220219266058574)
(27,0.18056843405093856)
(28,0.17970180486433796)
(29,0.17788543104867485)
(30,0.17516424660032914)
(31,0.17520756186802267)
(32,0.17287099259109215)
(33,0.17233408131541034)
(34,0.1707979762724953)
(35,0.17093397680093303)
(36,0.17034527166952368)
(37,0.17010136169573972)
(38,0.1695068679016165)
(39,0.16898574803833025)
(40,0.1685058397004173)
(41,0.16650940332579958)
(42,0.16327015426142685)
(43,0.1645480095721221)
(44,0.16388680648924017)
(45,0.16490214991808194)
(46,0.1641931387229193)
(47,0.16403441431721613)
(48,0.1635692744010012)
(49,0.16321064540420083)
(50,0.16257217717945638)
(51,0.16108311810735193)
(52,0.16213030383715551)
(53,0.16160571449277447)
(54,0.16074751660544093)
(55,0.16169179624030988)
(56,0.1614026185876582)
(57,0.16129946012811608)
(58,0.16136481496271157)
(59,0.16191413000208973)
(60,0.16072230978549892)
(61,0.16129050629315)
(62,0.1621951095076841)
(63,0.16259282959113955)
(64,0.1619983906893735)
(65,0.16060071888879737)
(66,0.1603657181209417)
(67,0.15975140461859608)
(68,0.15834047657476233)
(69,0.15982800256692978)
(70,0.15888485720614856)
(71,0.1592621897103331)
(72,0.16014156284589426)
(73,0.15944126060663014)
(74,0.15907721948232292)
(75,0.15861924165101832)
(76,0.15794242998169872)
(77,0.15877975792786106)
(78,0.1581263122432668)
(79,0.1582987408595023)
(80,0.15837911986512326)
(81,0.15863223998750525)
(82,0.15853700405369314)
(83,0.15828145029421054)
(84,0.15776638055569084)
(85,0.15812452386234255)
(86,0.15815589075213926)
(87,0.15842105154258465)
(88,0.15850677437803462)
(89,0.15852802237397226)
(90,0.15869114445775578)
(91,0.15857624505173448)
(92,0.15821027146793035)
(93,0.15741547789274093)
(94,0.15713829556581935)
(95,0.1569609674211654)
(96,0.15727046392548757)
(97,0.157046243703475)
(98,0.15713372843015957)
(99,0.15717593718023953)
(100,0.15731628912753012)
(101,0.15725552971517687)
(102,0.1571039971011115)
(103,0.15691305701015817)
(104,0.1569273282214677)
(105,0.15698544667601577)
(106,0.1569437129736755)
(107,0.15726775936217224)
(108,0.15705907100271457)
(109,0.15699147491606108)
(110,0.15717052481700663)
(111,0.15730475459119245)
(112,0.1572075659608789)
(113,0.1571925983614412)
(114,0.1571670038200011)
(115,0.15718809954507082)
(116,0.15713071021492445)
(117,0.1570194117371438)
(118,0.15688120542420184)
(119,0.15696265365231163)
(120,0.1568495408302099)
(121,0.1568707828412658)
(122,0.15684404387557777)
(123,0.1568250710178092)
(124,0.15685558381396575)
(125,0.15675365634082766)
(126,0.15678166703212842)
(127,0.15681577663063193)
(128,0.1569171921396596)
(129,0.15692970200948742)
(130,0.15706234880724784)
(131,0.15778283055935155)
(132,0.15726123954532312)
(133,0.15703300199193593)
(134,0.1571685735663837)
(135,0.157055307276399)
(136,0.15692801999699788)
(137,0.15690852221599594)
(138,0.15706276325417867)
(139,0.15779230334903266)
(140,0.15777727226849547)
(141,0.15776394242686073)
(142,0.1577564689377723)
(143,0.15774256327258218)
(144,0.15775397216342)
(145,0.15779216272564145)
(146,0.15772681207489775)
(147,0.15771557969050146)
(148,0.15768357658435603)
(149,0.1575712261142386)
(150,0.15704897328903694)
(151,0.15675939581069467)
(152,0.15677284316762302)
(153,0.15689751391880422)
(154,0.1567747221554009)
(155,0.15684159508324072)
(156,0.15680415003129214)
(157,0.15677725462598502)
(158,0.15677025714278653)
(159,0.15681396145442528)
(160,0.15674937513097587)
(161,0.15674535392437847)
(162,0.15677832093786773)
(163,0.15686288519959926)
(164,0.15681284811854257)
(165,0.15665748655847347)
(166,0.1566723249449773)
(167,0.15668072013460607)
(168,0.15660184451746514)
(169,0.1565730986400127)
(170,0.15650455574697256)
(171,0.15655972539123486)
(172,0.15670635568813052)
(173,0.15665282946085532)
(174,0.15665678694654522)
(175,0.1566533276395527)
(176,0.15664672241926275)
(177,0.15664370943894915)
(178,0.1566568325456979)
(179,0.157020597976919)
(180,0.1565843974617156)
(181,0.15664424273546468)
(182,0.15662223438520848)
(183,0.15663111391817278)
(184,0.15662710557185422)
(185,0.15661818849468387)
(186,0.15660544769999157)
(187,0.15659994491009233)
(188,0.1566644732597549)
(189,0.1566150995086753)
(190,0.15666221289600168)
(191,0.156629039772864)
(192,0.1566440476924095)
(193,0.15668370361440134)
(194,0.15673755812257878)
(195,0.1567813800929273)
(196,0.15668917324957163)
(197,0.15679061531368718)
(198,0.1567173730428706)
(199,0.1567907322493477)
(200,0.15679218628831124)
(201,0.15678930833235621)
(202,0.15679116841100638)
(203,0.15676573866052643)
(204,0.15677257687320903)
(205,0.1568236585595726)
(206,0.15684495787906633)
(207,0.15685363601496197)
(208,0.1568090161566335)
(209,0.15682905620518503)
(210,0.15686813712712336)
(211,0.15692813359860067)
(212,0.15748792026915878)
(213,0.15694583763536485)
(214,0.15732781463393838)
(215,0.15761081688863898)
(216,0.15758868289918257)
(217,0.1575679954430364)
(218,0.15760970615480496)
(219,0.15747077425557063)
(220,0.1574353940262661)
(221,0.15716789284626465)
(222,0.15707998573012166)
(223,0.15694774575176207)
(224,0.1568350104674864)
(225,0.15699857457721514)
(226,0.15711310068485365)
(227,0.15744130758132968)
(228,0.15751128745314072)
(229,0.15710354996693165)
(230,0.1569012436920243)
(231,0.15734799649892484)
(232,0.15698089633189544)
(233,0.1571504196639653)
(234,0.1575188791756883)
(235,0.1574835516244581)
(236,0.1573848053294253)
(237,0.15703814369909036)
(238,0.1567320957273905)
(239,0.15680022332259907)
(240,0.15679966496989847)
(241,0.15681927498048132)
(242,0.15715904084431845)
(243,0.15765779686368497)
(244,0.15759022323043795)
(245,0.1576450194880295)
(246,0.15761098456964664)
(247,0.15764858101668294)
(248,0.1576783798235359)
(249,0.1576623051201007)
(250,0.15767195228746753)
(251,0.15768285482663155)
(252,0.15769225313991414)
(253,0.15768231873229518)
(254,0.15775338054798482)
(255,0.15775134255589782)
(256,0.15769934862066962)
(257,0.15771449589767586)
(258,0.1576907611299231)
(259,0.15759208083100165)
(260,0.15762732995980178)
(261,0.1576363726652951)
(262,0.15768253211415026)
(263,0.15767949006982437)
(264,0.15761978349301659)
(265,0.15758810603825946)
(266,0.15762192428251579)
(267,0.15768712665431509)
(268,0.15764906287025726)
(269,0.15764875392636066)
(270,0.157637806135601)
(271,0.15753775041628532)
(272,0.15761252492319483)
(273,0.15757074165335136)
(274,0.1575825145255709)
(275,0.1575833122574396)
(276,0.1574974092622172)
(277,0.15713625039575063)
(278,0.1570646499746252)
(279,0.1573401340975634)
(280,0.15760155821992414)
(281,0.15766080780445554)
(282,0.15762891143224259)
(283,0.15763364246395442)
(284,0.1576224116382255)
(285,0.15758907832142588)
(286,0.15750193305890448)
(287,0.15708465995931714)
(288,0.156857049577448)
(289,0.1572380749051967)
(290,0.1569236657984757)
(291,0.15707057838634278)
(292,0.15740730938197744)
(293,0.15726288698930985)
(294,0.15684728736409712)
(295,0.15711230313027158)
(296,0.15744278145885274)
(297,0.15748981125534448)
(298,0.15747968044500588)
(299,0.15745473019754716)
(300,0.157405666938191)
(301,0.15712759627647893)
(302,0.15675173081065805)
(303,0.15669720962888306)
(304,0.15727819628792333)
(305,0.1567663786452444)
(306,0.15710802874605695)
(307,0.1575102822401058)
(308,0.15751520960259663)
(309,0.15746302436608137)
(310,0.15746979132295677)
(311,0.15746714840120124)
(312,0.15745960652889654)
(313,0.15741550600713378)
(314,0.15749202056376543)
(315,0.1573419278009398)
(316,0.15722420084244448)
(317,0.15691764570921726)
(318,0.15697629916635358)
(319,0.15713927268196637)
(320,0.15723898107277176)
(321,0.15679722365983534)
(322,0.157122083886013)
(323,0.15688680886088918)
(324,0.1571436361409101)
(325,0.15699763699073924)
(326,0.15687063548720365)
(327,0.1568696533554858)
(328,0.156802563477113)
(329,0.15710896332598429)
(330,0.1569976212074595)
(331,0.15687099484413453)
(332,0.1568623619581973)
(333,0.1568719599190632)
(334,0.1570813506995539)
(335,0.15753762934444893)
(336,0.15759908507970405)
(337,0.15758348137764389)
(338,0.15757676736169174)
(339,0.1575291099471864)
(340,0.1575383540087743)
(341,0.15756650515877668)
(342,0.15757313842403967)
(343,0.15755414269565668)
(344,0.15751461211882192)
(345,0.15749839719869743)
(346,0.15745224124711035)
(347,0.15717410595561832)
(348,0.15695005761544964)
(349,0.15708609911024357)
(350,0.15743035264181182)
(351,0.15749052987312506)
(352,0.1572686659180699)
(353,0.15683635874229712)
(354,0.157073450883242)
(355,0.15692199645632773)
(356,0.1570733263067356)
(357,0.15744225055706595)
(358,0.15747419498446166)
(359,0.15743898689007138)
(360,0.15734984553302128)
(361,0.15695233213876567)
(362,0.15710183859660357)
(363,0.15694810525516598)
(364,0.15682697531408202)
(365,0.1567743577331577)
(366,0.15680398163560477)
(367,0.15689098506548932)
(368,0.1570446130022566)
(369,0.15698495538918342)
(370,0.156868803539154)
(371,0.15682043424629552)
(372,0.15718087989618787)
(373,0.1574403347827657)
(374,0.15751471099475378)
(375,0.15746409024517213)
(376,0.15747800646705098)
(377,0.15748429277030718)
(378,0.1574719189220425)
(379,0.15748154143575893)
(380,0.15748915592512747)
(381,0.15747755264860575)
(382,0.157491622474067)
(383,0.15749524278806104)
(384,0.15749381357491551)
(385,0.15749566744774332)
(386,0.15749566123898942)
(387,0.15738032818177655)
(388,0.15746083400292704)
(389,0.15748204211689237)
(390,0.15749308619582741)
(391,0.1575000516510176)
(392,0.15750911708554885)
(393,0.1575076013501903)
(394,0.15750491952867077)
(395,0.15750436101997328)
(396,0.15748596803140735)
(397,0.1574595077784841)
(398,0.15746986183519113)
(399,0.15746592536763981)
(400,0.15747088427460618)
(401,0.15747497920611786)
(402,0.15747456974822427)
(403,0.15747075364459112)
(404,0.15746432467272461)
(405,0.15748236421490278)
(406,0.15740111910998614)
(407,0.15750696727819458)
(408,0.157468610773583)
(409,0.15747582643021688)
(410,0.15748290307856275)
(411,0.15749031419381004)
(412,0.1574930522381904)
(413,0.15748845897298)
(414,0.15748081968108085)
(415,0.15745770701421274)
(416,0.15744170162154633)
(417,0.15735360835533047)
(418,0.15734430396681598)
(419,0.15737187188555235)
(420,0.15736749911681716)
(421,0.15735811614212364)
(422,0.15735816951762732)
(423,0.15744534279624112)
(424,0.15740741604710443)
(425,0.1574286948868659)
(426,0.15743387769929096)
(427,0.15743314104912648)
(428,0.1574260138913255)
(429,0.15742734522033042)
(430,0.15742652727397483)
(431,0.15741635227209608)
(432,0.15736649581294404)
(433,0.15737904253282292)
(434,0.15738035465541497)
(435,0.1573710891487553)
(436,0.15734315576161356)
(437,0.15733323585359615)
(438,0.15735952982029217)
(439,0.15735342439117786)
(440,0.15735129947427737)
(441,0.1573793390752675)
(442,0.15737308612747433)
(443,0.15736659465454067)
(444,0.15739553899555547)
(445,0.15733065450449446)
(446,0.1574411918716297)
(447,0.15742147665062695)
(448,0.157384330353187)
(449,0.15739596370768066)
(450,0.15748695300912446)
(451,0.15742912751067917)
(452,0.15744640347901911)
(453,0.15744899579922142)
(454,0.15745300374140658)
(455,0.15745735864487517)
(456,0.15745616248179217)
(457,0.15745312431769062)
(458,0.1574405906665502)
(459,0.15744549262805266)
(460,0.15745672777823683)
(461,0.1574161058377817)
(462,0.15743965888392417)
(463,0.15743505077632652)
(464,0.15742716051056446)
(465,0.15740343749560168)
(466,0.1573954350206341)
(467,0.1573817434023009)
(468,0.15741047229620445)
(469,0.15737332226338993)
(470,0.15729591267976448)
(471,0.15698607059188455)
(472,0.15694096834947688)
(473,0.15685544660729975)
(474,0.1568084732338604)
(475,0.15720467257148793)
(476,0.15742296576018192)
(477,0.15763773233025297)
(478,0.15753556871387164)
(479,0.15754151443094436)
(480,0.15754910248333792)
(481,0.15754972570488035)
(482,0.1575546811720759)
(483,0.1575658032556938)
(484,0.15758158276653206)
(485,0.15760030540966652)
(486,0.15761361673524094)
(487,0.1576104703204507)
(488,0.1576282689847165)
(489,0.15768868131430863)
(490,0.1576578006068408)
(491,0.15765088760010534)
(492,0.1576423076749255)
(493,0.15764142640582235)
(494,0.15764764655363753)
(495,0.15766257820883653)
(496,0.15766027961755616)
(497,0.15766524992271458)
(498,0.157677303898638)
(499,0.15770109100707433)
(500,0.15770571655962265)
(501,0.15772927986078455)
(502,0.1578288368602403)
(503,0.15777605522549779)
(504,0.15778376639671005)
(505,0.15778920370635685)
(506,0.1578038899741709)
(507,0.15783514916924035)
(508,0.15783037681838147)
(509,0.15783661479664693)
(510,0.15785411053440557)
(511,0.15785498665966335)
(512,0.1578613929612318)
(513,0.15787881095552742)
(514,0.15791419788205738)
(515,0.15790132358822373)
(516,0.15790754358857131)
(517,0.15790812574960864)
(518,0.1579171134073718)
(519,0.15792728614251508)
(520,0.15794205107864462)
(521,0.15794964247844648)
(522,0.1579350654812553)
(523,0.15793195208119082)
(524,0.15793504158973093)
(525,0.15794442482076232)
(526,0.1579719250798922)
(527,0.15796983044877455)
(528,0.15797190354726973)
(529,0.1579949672884227)
(530,0.15802854263681376)
(531,0.15802536571509335)
(532,0.15803177396904183)
(533,0.15805353414187623)
(534,0.15805827872290829)
(535,0.15806219324718032)
(536,0.15805058664317054)
(537,0.15802008442097393)
(538,0.15796571295116185)
(539,0.15781803155564517)
(540,0.15742995117174063)
(541,0.1576405409550061)
(542,0.15753699181769473)
(543,0.15742469390815067)
(544,0.15742898638927502)
(545,0.15770634644413634)
(546,0.15811184826210073)
(547,0.15823674038877797)
(548,0.15813173767951913)
(549,0.15819499346759938)
(550,0.15817967158480645)
(551,0.1581875638381448)
(552,0.15820376395713664)
(553,0.1582227978480016)
(554,0.15825167354457012)
(555,0.15824512484141795)
(556,0.15824755213577768)
(557,0.1582495448659782)
(558,0.15826635788600105)
(559,0.15825188773651738)
(560,0.15825952609390648)
(561,0.15826978611070117)
(562,0.15827373581273926)
(563,0.15827464981800476)
(564,0.15827997316690703)
(565,0.15827091751251537)
(566,0.15828806098884682)
(567,0.15828612160286423)
(568,0.15827992637720245)
(569,0.15826999051733912)
(570,0.15820172397322918)
(571,0.15796289472804595)
(572,0.15771795775362976)
(573,0.15785960739106503)
(574,0.15779825355835392)
(575,0.15770056787418563)
(576,0.15782744744658778)
(577,0.15782185373369548)
(578,0.15780950913938693)
(579,0.15779516357055512)
(580,0.15785134472260678)
(581,0.15809316867275813)
(582,0.158169967336145)
(583,0.15765571089212502)
(584,0.15768174950172772)
(585,0.15774191240945595)
(586,0.15772808172043964)
(587,0.15773347020325706)
(588,0.15774423741143237)
(589,0.15775888489076295)
(590,0.15776136711115007)
(591,0.1577616995136135)
(592,0.1577644841750593)
(593,0.1577662082409756)
(594,0.15777045520514804)
(595,0.1577824018320843)
(596,0.15776528564499287)
(597,0.15777512070956978)
(598,0.1577889156201191)
(599,0.15780496502824085)
(600,0.15780350371420485)
(601,0.15772872275665742)
(602,0.15782651213872717)
(603,0.1577978931744811)
(604,0.1578124985627637)
(605,0.1578172642380212)
(606,0.15782880500859664)
(607,0.15789444043999057)
(608,0.15850010050919314)
(609,0.1585637342799246)
(610,0.15868452653807708)
(611,0.1586222823211106)
(612,0.1586352389175431)
(613,0.15865024572094003)
(614,0.15865327008609556)
(615,0.15866120661772082)
(616,0.1586896137740078)
(617,0.15873004925355189)
(618,0.1587163179473143)
(619,0.15871854333782584)
(620,0.15871967775772594)
(621,0.15872132509639567)
(622,0.1587257142640905)
(623,0.15872346940417115)
(624,0.15872963194500217)
(625,0.15873041367913596)
(626,0.15873521968251111)
(627,0.1587554771775923)
(628,0.15878212436004063)
(629,0.15878413079982606)
(630,0.1587837793623152)
(631,0.15878307770821898)
(632,0.15880221350748427)
(633,0.15874611661224117)
(634,0.15887102053948884)
(635,0.15883076562305548)
(636,0.1588408687586936)
(637,0.15884539993905442)
(638,0.15885469104980043)
(639,0.15886069096736577)
(640,0.15887222410840418)
(641,0.1588918051926801)
(642,0.15890525432444666)
(643,0.1588962077946888)
(644,0.1588933368525028)
(645,0.15888328834442114)
(646,0.15888333920577635)
(647,0.15887178709021052)
(648,0.15886945009287431)
(649,0.15887089013880973)
(650,0.15887328526621072)
(651,0.15887699388166276)
(652,0.1588652814513191)
(653,0.15888146687204419)
(654,0.1588799862831089)
(655,0.1588828313695565)
(656,0.15891143663600277)
(657,0.1589250326883181)
(658,0.15892069589972305)
(659,0.15891571724085365)
(660,0.15892419956736756)
(661,0.15892796549550542)
(662,0.15892715228489993)
(663,0.15893003319094767)
(664,0.15892888241896555)
(665,0.15893336641148023)
(666,0.15894185392596458)
(667,0.1589392239439693)
(668,0.1589428045374956)
(669,0.15894495235485917)
(670,0.15894982984006992)
(671,0.15895779834066087)
(672,0.15896883344163562)
(673,0.15896734738911122)
(674,0.15896734798510648)
(675,0.1589851004625875)
(676,0.15899000346755912)
(677,0.15899625104906293)
(678,0.15899752857405494)
(679,0.15900314565634824)
(680,0.15902164916345563)
(681,0.1590306539789969)
(682,0.15903570621023444)
(683,0.15902469702100067)
(684,0.15902733835807117)
(685,0.15903436533833223)
(686,0.15902934847712208)
(687,0.1590334663901237)
(688,0.15904816691605925)
(689,0.15904316424087966)
(690,0.159046354726721)
(691,0.15905176878579488)
(692,0.1590471032450085)
(693,0.15904468230575472)
(694,0.15906221056913872)
(695,0.15905868353682906)
(696,0.15905580217011134)
(697,0.1590731637902645)
(698,0.1590597497146161)
(699,0.15908989716173227)
(700,0.1590839368123634)
(701,0.15907474195530716)
(702,0.15908157903472897)
(703,0.15909378090104795)
(704,0.1590852762663843)
(705,0.15907230244038903)
(706,0.15907548853898532)
(707,0.15907798189455613)
(708,0.15904459090575826)
(709,0.15903655246985718)
(710,0.15899759284819737)
(711,0.15895116915556454)
(712,0.15892863464927515)
(713,0.15885598804524698)
(714,0.1586739353959757)
(715,0.15857178863487853)
(716,0.1585248733959507)
(717,0.15845276550106147)
(718,0.15843985133606525)
(719,0.15845940864984234)
(720,0.15845992205857065)
(721,0.15845390803151752)
(722,0.1584581725110877)
(723,0.15846698308683052)
(724,0.15847883486948103)
(725,0.1584847677507979)
(726,0.1585012339816267)
(727,0.15856832502343948)
(728,0.1586024208534614)
(729,0.15856588685396922)
(730,0.15856763982712452)
(731,0.15856743560821077)
(732,0.15857272030861036)
(733,0.15857034931318262)
(734,0.15858244891199005)
(735,0.15858637067191964)
(736,0.15858844868062755)
(737,0.15859808891559393)
(738,0.15861556236821073)
(739,0.1586114965639137)
(740,0.15861373300480144)
(741,0.15861678470910603)
(742,0.15862674547185227)
(743,0.15862373104101418)
(744,0.15862484603079316)
(745,0.158630181825541)
(746,0.1586466678077822)
(747,0.15864576662735752)
(748,0.15865239390291894)
(749,0.15866232148176318)
(750,0.1586568986779137)
(751,0.1586586222087902)
(752,0.15866013579701105)
(753,0.15865358059497509)
(754,0.15859673913660918)
(755,0.158168098846001)
(756,0.15808055754467168)
(757,0.15824471454731104)
(758,0.15808595707946718)
(759,0.15817950953572102)
(760,0.15814916110518973)
(761,0.15808687133827531)
(762,0.15816797568381086)
(763,0.15816100963409274)
(764,0.15813486633874504)
(765,0.15811183333648032)
(766,0.15816806017880686)
(767,0.15848472980830236)
(768,0.15805964353370275)
(769,0.15836650369356237)
(770,0.15811244401184152)
(771,0.15821660395877585)
(772,0.15818261879716478)
(773,0.15811441059351924)
(774,0.15807799575879697)
(775,0.1582707177479645)
(776,0.15813256330432998)
(777,0.15830022395395474)
(778,0.15818039232237113)
(779,0.1582239170222076)
(780,0.15835675726032625)
(781,0.15847998394293475)
(782,0.15818008001651232)
(783,0.15824318050612374)
(784,0.15821926074114195)
(785,0.15816643833016095)
(786,0.15813326886767243)
(787,0.15828003662698437)
(788,0.15817402203853725)
(789,0.15831086922348628)
(790,0.15821141852394985)
(791,0.15825214500086016)
(792,0.15837662110104)
(793,0.15822784831426762)
(794,0.15824908493801548)
(795,0.1583017575445887)
(796,0.15835925968490336)
(797,0.15823954775096097)
(798,0.15827531916960552)
(799,0.15823691040261625)
(800,0.15816401995076884)
(801,0.15816012771002663)
(802,0.15873545360006452)
(803,0.1584541698307368)
(804,0.15813953367040817)
(805,0.15843867902137396)
(806,0.15821650005716284)
(807,0.15833824076851963)
(808,0.15829516256221224)
(809,0.15821278707725783)
(810,0.15817385006487494)
(811,0.15839627715488913)
(812,0.15822215080089588)
(813,0.1584361861145751)
(814,0.15827648434787922)
(815,0.15833450101059077)
(816,0.15850988122045334)
(817,0.1586385009920956)
(818,0.15824739917571942)
(819,0.15851342641128408)
(820,0.1582342766050012)
(821,0.15839995288132996)
(822,0.15831872599755278)
(823,0.15834093554876089)
(824,0.1583932072907866)
(825,0.15845507915698614)
(826,0.1583556324109224)
(827,0.15835986138500374)
(828,0.15835138951629638)
(829,0.1583308408953246)
(830,0.15833167904034864)
(831,0.1585346069933501)
(832,0.15827447998183786)
(833,0.15844365033790409)
(834,0.1583625871240021)
(835,0.158381663662917)
(836,0.15843456795195274)
(837,0.15849698304425328)
(838,0.1583771713247782)
(839,0.15840208776559503)
(840,0.1583872848783631)
(841,0.15835458942657132)
(842,0.15835677931855846)
(843,0.15865340100019304)
(844,0.15897710342816115)
(845,0.15840098929620294)
(846,0.15857931512377382)
(847,0.15839940351352855)
(848,0.15851008210229955)
(849,0.15847381773706073)
(850,0.1584025660544641)
(851,0.1585053716186344)
(852,0.15849481792927386)
(853,0.15846339854149005)
(854,0.15843775795209025)
(855,0.1585090887945947)
(856,0.15852348535568106)
(857,0.15856657196182328)
(858,0.15843159064860493)
(859,0.1586086670312976)
(860,0.15848469598948908)
(861,0.15852579286390756)
(862,0.1586473068883167)
(863,0.1587598168021261)
(864,0.15845645820777904)
(865,0.1586645472377008)
(866,0.15844079092163948)
(867,0.1585826546881369)
(868,0.15851981971748727)
(869,0.15853408549659334)
(870,0.15856284829660194)
(871,0.15859957497639665)
(872,0.1585473186334975)
(873,0.15853763287601816)
(874,0.15854895927268495)
(875,0.15858000945418302)
(876,0.15859742713299826)
(877,0.15844922359422167)
(878,0.15868160877504664)
(879,0.15851268551264588)
(880,0.15857548379228528)
(881,0.15856583284074954)
(882,0.1585433862277174)
(883,0.15852578172117976)
(884,0.15858136160849107)
(885,0.15893110832606488)
(886,0.15849342486916124)
(887,0.15877991786069787)
(888,0.15852074922432877)
(889,0.15863185212525152)
(890,0.1585924379961141)
(891,0.15851612674118964)
(892,0.1584809108367474)
(893,0.1586760358495489)
(894,0.15853191558644378)
(895,0.15871801071059471)
(896,0.15857958697794378)
(897,0.15863044069998242)
(898,0.15862429859812102)
(899,0.15860529944437118)
(900,0.15858623877105799)
(901,0.15861990045646887)
(902,0.15863151225349761)
(903,0.15862490321973655)
(904,0.15860601445879963)
(905,0.15860095349774297)
(906,0.15874436545979134)
(907,0.15855356601732268)
(908,0.15868388684218881)
(909,0.15863018428654377)
(910,0.158536693121646)
(911,0.15850988130413568)
(912,0.15876961330319544)
(913,0.15854581880543045)
(914,0.1588005520627279)
(915,0.15861293739138546)
(916,0.158684113895379)
(917,0.1586698293608625)
(918,0.15863705181312882)
(919,0.15860993624414624)
(920,0.15868711171914743)
(921,0.15865845453499633)
(922,0.15869376607241326)
(923,0.15879266468834669)
(924,0.15882410245624387)
(925,0.15850147780759632)
(926,0.1587452174092009)
(927,0.15856293056993867)
(928,0.15886706712901685)
(929,0.15861223428769944)
(930,0.15871743590107065)
(931,0.1586829409468035)
(932,0.15861250506400332)
(933,0.15857496953077221)
(934,0.1587536311967604)
(935,0.15865036723212808)
(936,0.15877905258047217)
(937,0.15868185914821983)
(938,0.1587177882142765)
(939,0.15882360188604416)
(940,0.1589242956127441)
(941,0.1586337514367948)
(942,0.1588465312368941)
(943,0.15862039457111457)
(944,0.1587682637402128)
(945,0.1586996457587708)
(946,0.15871520214588902)
(947,0.15874684196382838)
(948,0.15878173462640396)
(949,0.15871784620752188)
(950,0.15856484204332535)
(951,0.1585771741224408)
(952,0.15854621001058855)
(953,0.15855472918379926)
(954,0.15866725746500457)
(955,0.15881862607187652)
(956,0.15870316364643808)
(957,0.1587458889488731)
(958,0.15887567279314835)
(959,0.15896536691213106)
(960,0.15860150743036025)
(961,0.15899575962214693)
(962,0.15865063305317645)
(963,0.15879083648204526)
(964,0.15870429731611096)
(965,0.15872960183829307)
(966,0.15879223726570435)
(967,0.15886132790154206)
(968,0.15871654806048754)
(969,0.1587471686868233)
(970,0.15870833774227575)
(971,0.15863141562765645)
(972,0.1586152620598964)
(973,0.15916845637421745)
(974,0.15922306976427408)
(975,0.15925194794692446)
(976,0.1592359355880434)
(977,0.15923513490282265)
(978,0.15923129813986095)
(979,0.15921982972677276)
(980,0.15922051834587425)
(981,0.15922034910524085)
(982,0.1592216677589263)
(983,0.15921239229271597)
(984,0.15919186758692086)
(985,0.15917105242342303)
(986,0.1591662525420102)
(987,0.15914782587992451)
(988,0.1591658135153866)
(989,0.15917277006678568)
(990,0.15916214213585697)
(991,0.15914464679729898)
(992,0.15914547381237387)
(993,0.15914289017241356)
(994,0.15913572012216587)
(995,0.15912441852224649)
(996,0.1591129123486127)
(997,0.15910942278036883)
(998,0.15910000575990677)
(999,0.15908084035438583)
(1000,0.15904305338141123)

best val error :0.15650455574697256
