(1,1.2894756780814551)
(2,0.8974621111912799)
(3,0.7487386098252288)
(4,0.6698749604701948)
(5,0.6155986675585189)
(6,0.5697534665322214)
(7,0.5240410547294235)
(8,0.4764475158861116)
(9,0.4292417703764635)
(10,0.3821764083196533)
(11,0.33567312491861345)
(12,0.3192436527256876)
(13,0.26556483111553275)
(14,0.25043528139027926)
(15,0.22786363552209618)
(16,0.20849281800356698)
(17,0.19053015909931997)
(18,0.17433623189757358)
(19,0.156737660706279)
(20,0.14682672648439787)
(21,0.1373477960163249)
(22,0.13281032758864242)
(23,0.1267530163042301)
(24,0.12201845718579477)
(25,0.11928074864391615)
(26,0.1153098660101637)
(27,0.11249809909018732)
(28,0.11077355345449272)
(29,0.10800391620689817)
(30,0.1038738641618688)
(31,0.10050163767113346)
(32,0.09851472831580878)
(33,0.09731910857749423)
(34,0.0953810246287425)
(35,0.09396974029093495)
(36,0.09322444160372534)
(37,0.09180717479342039)
(38,0.08991576554809079)
(39,0.0889319915296744)
(40,0.08594697408081811)
(41,0.08447818995235996)
(42,0.08383209559128302)
(43,0.08348543720408046)
(44,0.08269268397051614)
(45,0.08194880842377159)
(46,0.08117032857871011)
(47,0.08076443489462336)
(48,0.08037940710639978)
(49,0.0797386636588713)
(50,0.07947308013014621)
(51,0.07886497304588411)
(52,0.07784159708454035)
(53,0.07632293875202185)
(54,0.07521720627580018)
(55,0.07350719895403629)
(56,0.07315158591361405)
(57,0.07253175656937828)
(58,0.0721744215267123)
(59,0.07192587827146801)
(60,0.07125877580261143)
(61,0.07100491065724698)
(62,0.07050974769267138)
(63,0.06975182708910567)
(64,0.06881461643438201)
(65,0.06817054270525022)
(66,0.06772975412549333)
(67,0.0675322353652014)
(68,0.0671075142308249)
(69,0.06694087030457421)
(70,0.06657007430732773)
(71,0.06606926077523675)
(72,0.06571658507226605)
(73,0.06552951629905154)
(74,0.06532283938858392)
(75,0.06495940960068884)
(76,0.06479116418544856)
(77,0.06467524119005276)
(78,0.06440843845698623)
(79,0.06415713554284343)
(80,0.06382470200013299)
(81,0.06367421484713337)
(82,0.06357751265788276)
(83,0.06335939567717502)
(84,0.063121681002947)
(85,0.06281476807238025)
(86,0.06268444850962859)
(87,0.06253071480612714)
(88,0.06223873719454194)
(89,0.061379566969147425)
(90,0.060971752369274775)
(91,0.06086472465893581)
(92,0.060618954740298346)
(93,0.060262829357146185)
(94,0.06003149885263041)
(95,0.059870485312771664)
(96,0.05971210883723168)
(97,0.05937439810578831)
(98,0.05925636011153641)
(99,0.059146560813131285)
(100,0.05891637457123693)
(101,0.05825831962742852)
(102,0.05785315006812065)
(103,0.057672348617747525)
(104,0.05759050908317903)
(105,0.05740340624926629)
(106,0.057313317756992756)
(107,0.057172987884187704)
(108,0.05705384591109992)
(109,0.05699152317127283)
(110,0.056839682344000414)
(111,0.0565811563047342)
(112,0.05621564548854069)
(113,0.0559535461127638)
(114,0.05498522944364105)
(115,0.054562592320263795)
(116,0.05428899682492325)
(117,0.05413865548438455)
(118,0.054069821447009954)
(119,0.053911118956082006)
(120,0.053692955527803315)
(121,0.05355490852731195)
(122,0.053477369091305633)
(123,0.05336273077398104)
(124,0.053191686846588176)
(125,0.05296583318392671)
(126,0.05186158954449381)
(127,0.05150180299319233)
(128,0.05129421307071274)
(129,0.05111080173802876)
(130,0.050977553605252524)
(131,0.05089226159675711)
(132,0.05079088831258262)
(133,0.0506354339895108)
(134,0.050564312533474265)
(135,0.050480813065193204)
(136,0.05034865570236873)
(137,0.05029240019209013)
(138,0.05018762908269653)
(139,0.04999395092969838)
(140,0.049590203975827654)
(141,0.04932500308538249)
(142,0.0488860162347201)
(143,0.04877820429867975)
(144,0.048719553664531595)
(145,0.04861259338187956)
(146,0.04851105827143181)
(147,0.04818083181093781)
(148,0.047969741644383106)
(149,0.04791046708766203)
(150,0.047807759570438396)
(151,0.04762351231609858)
(152,0.047371408603893835)
(153,0.04719303339618522)
(154,0.047104265669937695)
(155,0.04703693966163179)
(156,0.04697235322913893)
(157,0.04684827317688908)
(158,0.04678547053572156)
(159,0.04674655519057208)
(160,0.04665628312439736)
(161,0.04654396561045805)
(162,0.04640779444332056)
(163,0.04638012568354991)
(164,0.04623804712413494)
(165,0.046189547131733066)
(166,0.0460589432485923)
(167,0.045657655136697485)
(168,0.045548346365680184)
(169,0.045471867585215445)
(170,0.04542104619755296)
(171,0.04530290519679855)
(172,0.04512933772496161)
(173,0.04503099478583715)
(174,0.04496133088741633)
(175,0.04491431461630129)
(176,0.04485681948229641)
(177,0.044773659761487436)
(178,0.044736491153472925)
(179,0.044677750189853364)
(180,0.04457490353494231)
(181,0.04432665833745099)
(182,0.04422416346992451)
(183,0.044186394307063205)
(184,0.04412308203622843)
(185,0.04398782820781404)
(186,0.0437392713803876)
(187,0.04366618787387207)
(188,0.04360104129659832)
(189,0.04355385786836262)
(190,0.04351256330524013)
(191,0.04341154702119944)
(192,0.043365600817017645)
(193,0.04334688896087382)
(194,0.043233940770908114)
(195,0.043195354764677896)
(196,0.04311925510716976)
(197,0.042965647679752)
(198,0.042804137125123085)
(199,0.04269726268763071)
(200,0.04266703497618703)
(201,0.042612058837975)
(202,0.04251937504194194)
(203,0.042328165674089376)
(204,0.04208116380590086)
(205,0.04193405057119062)
(206,0.04186519836607562)
(207,0.041835470609384744)
(208,0.04177974466369647)
(209,0.04167489875991831)
(210,0.04146985575511026)
(211,0.04139269949973876)
(212,0.04134819673911956)
(213,0.0411905817213801)
(214,0.0411341626818101)
(215,0.04108567443400152)
(216,0.04105698562370431)
(217,0.04098843624700956)
(218,0.0408617608162717)
(219,0.04067719780335796)
(220,0.04058378600388087)
(221,0.04053719615400403)
(222,0.0404829180410565)
(223,0.04044905839975519)
(224,0.04042633246481836)
(225,0.040373339290826676)
(226,0.04030443105372529)
(227,0.04024553954907604)
(228,0.040222537075374494)
(229,0.040140499903418336)
(230,0.04005595366063765)
(231,0.03996895210804557)
(232,0.03992947134923001)
(233,0.039850444397003644)
(234,0.03973012524343155)
(235,0.03963389806939708)
(236,0.03958587473310164)
(237,0.039551816079724376)
(238,0.03950114155023628)
(239,0.03944489835819969)
(240,0.03941543556172388)
(241,0.03938597129194172)
(242,0.03932710234710394)
(243,0.039302972930014404)
(244,0.039267562528238716)
(245,0.039201588331690074)
(246,0.03902332142175654)
(247,0.038973334580234345)
(248,0.038924146265527114)
(249,0.038866742025012946)
(250,0.038840165540990575)
(251,0.03881526194905537)
(252,0.038765246349262206)
(253,0.038553645123838486)
(254,0.038484135182238796)
(255,0.03845910749430498)
(256,0.038410014194209155)
(257,0.038309015063618806)
(258,0.03815230830775055)
(259,0.03809560903289663)
(260,0.038051357620339114)
(261,0.03801293322876208)
(262,0.037988771356500965)
(263,0.03794887767939611)
(264,0.03788291642963401)
(265,0.037770174998944514)
(266,0.03750670693721011)
(267,0.0374105943310642)
(268,0.03733664405405357)
(269,0.037302719827759796)
(270,0.037284708987936524)
(271,0.037215840851542725)
(272,0.03719327507358498)
(273,0.03715526095006838)
(274,0.03712664182046269)
(275,0.03707103321730576)
(276,0.037045642123884455)
(277,0.03699884661185373)
(278,0.036962530529686094)
(279,0.03694268754038777)
(280,0.036894770877376096)
(281,0.03680433254661846)
(282,0.03665443050903354)
(283,0.03645371038407103)
(284,0.03635225274180241)
(285,0.036306682940940575)
(286,0.036264780931719)
(287,0.036229433816932374)
(288,0.036203601969320945)
(289,0.03618735755595864)
(290,0.0361494176600581)
(291,0.036076596565966255)
(292,0.03594986161772627)
(293,0.03578816436470513)
(294,0.035736422278683795)
(295,0.03570488277267626)
(296,0.03568743235723199)
(297,0.03565900730748977)
(298,0.0356187098367068)
(299,0.03555325613779634)
(300,0.03534630036727809)
(301,0.035286912841581704)
(302,0.035225348021311824)
(303,0.035206523848493224)
(304,0.035169166586263505)
(305,0.035107494289972244)
(306,0.03498537712448587)
(307,0.03493756082909209)
(308,0.034899872245242165)
(309,0.03486230945507424)
(310,0.034731478642991545)
(311,0.03462220219294078)
(312,0.03458378344832947)
(313,0.03456358769999334)
(314,0.03454882055241677)
(315,0.03452147849285221)
(316,0.034478674937738235)
(317,0.03446077295123498)
(318,0.03442001735626834)
(319,0.03436016481053316)
(320,0.03431855781795303)
(321,0.034293304916251106)
(322,0.034275124697119186)
(323,0.03424118481910798)
(324,0.0341879677664571)
(325,0.03413302419863265)
(326,0.03410396058640932)
(327,0.034083575210827007)
(328,0.03405267170785342)
(329,0.03402746842056466)
(330,0.03401495673453423)
(331,0.033985106486144306)
(332,0.033930074777989795)
(333,0.0338414345482403)
(334,0.033727473628783436)
(335,0.033663091101820586)
(336,0.03363968925621489)
(337,0.03361660575762467)
(338,0.03358976126901238)
(339,0.033571598097662615)
(340,0.033561223089778915)
(341,0.033538015338582486)
(342,0.033509479198986565)
(343,0.03347766029522249)
(344,0.03346501214130772)
(345,0.033436761225332706)
(346,0.03338184024041844)
(347,0.03328553032380582)
(348,0.033258395312423215)
(349,0.033233651047121504)
(350,0.033214940623129366)
(351,0.033175727378241225)
(352,0.03315423490190913)
(353,0.03314014719199141)
(354,0.03310616902744591)
(355,0.03304488849208067)
(356,0.0329661589423207)
(357,0.03291588515490795)
(358,0.03290138583463764)
(359,0.032873138706393246)
(360,0.03281635950435167)
(361,0.032711442734181445)
(362,0.03268527500412899)
(363,0.03265922942848406)
(364,0.03263420539692786)
(365,0.032616013496693276)
(366,0.03260553266357692)
(367,0.03258286418902534)
(368,0.03253562520627628)
(369,0.03245290081230883)
(370,0.032427857953164045)
(371,0.032368490781817486)
(372,0.03226209236060993)
(373,0.03221196142532898)
(374,0.03218387768450872)
(375,0.03215665552490832)
(376,0.032134943072009634)
(377,0.03212095986523028)
(378,0.03209090619583706)
(379,0.032065032153663305)
(380,0.032014524157939615)
(381,0.03199313810968514)
(382,0.03198030518073871)
(383,0.03195231759136706)
(384,0.031933115487849766)
(385,0.03188144407132006)
(386,0.03186369784163484)
(387,0.03185189670821893)
(388,0.031825635480176896)
(389,0.03180501773323355)
(390,0.03176006476990795)
(391,0.031743131243961185)
(392,0.031734134831636195)
(393,0.03169547736263569)
(394,0.03168279857378187)
(395,0.031660577943283134)
(396,0.03161631817717332)
(397,0.03151642581113002)
(398,0.03148514306828882)
(399,0.03146392425826944)
(400,0.031445537423288365)
(401,0.031433544197120675)
(402,0.031405079044394886)
(403,0.03135230301449436)
(404,0.031271174009833654)
(405,0.031241470359252985)
(406,0.03122975265140583)
(407,0.031206968922949874)
(408,0.03116216233971199)
(409,0.031077493822362436)
(410,0.031055107722494688)
(411,0.031028702822823422)
(412,0.03100357116499006)
(413,0.030991763085101473)
(414,0.030968557711084164)
(415,0.03092493051861119)
(416,0.030838491242830123)
(417,0.03074853134899114)
(418,0.030685404761707134)
(419,0.030655523634020073)
(420,0.03064183650703894)
(421,0.030629206369641945)
(422,0.03060194391358604)
(423,0.03059188048955262)
(424,0.030571920279425756)
(425,0.03053427190058647)
(426,0.030455159716332565)
(427,0.030429776269530105)
(428,0.030409543950244478)
(429,0.03039604875258897)
(430,0.030367310306504636)
(431,0.030335026631963656)
(432,0.030291481142624543)
(433,0.030267941205197508)
(434,0.030253430003865888)
(435,0.030234789400299052)
(436,0.03020831132223631)
(437,0.030197030464407443)
(438,0.030174546454348455)
(439,0.030132028951836396)
(440,0.030105376218340932)
(441,0.030090013543761236)
(442,0.03007747586219328)
(443,0.030042787707307908)
(444,0.030028830173831726)
(445,0.03001285809551294)
(446,0.029985879173411764)
(447,0.029974073240602563)
(448,0.029950392465456097)
(449,0.02991156279548706)
(450,0.02986552845992653)
(451,0.029835884296654295)
(452,0.0298049703471076)
(453,0.029766265475780932)
(454,0.029751690939829305)
(455,0.029733201753867712)
(456,0.029713251937383924)
(457,0.029704340952445812)
(458,0.029686052177761223)
(459,0.029670371254685194)
(460,0.029638054209495484)
(461,0.029624894562079177)
(462,0.029605367650448244)
(463,0.029588965531569797)
(464,0.02957954776442113)
(465,0.029562853851572327)
(466,0.029554788053800702)
(467,0.029515477830318104)
(468,0.02949984652377144)
(469,0.02948061661653378)
(470,0.0294621037061374)
(471,0.02945164198577487)
(472,0.029433268556688166)
(473,0.029420166310908866)
(474,0.02940781491480899)
(475,0.02938513744779606)
(476,0.029369520207109204)
(477,0.02934959066914382)
(478,0.02932591822699868)
(479,0.029318038888989352)
(480,0.02930063756376968)
(481,0.029268809405870486)
(482,0.029216233039415947)
(483,0.029140074315301658)
(484,0.029108326105002566)
(485,0.029095064991508452)
(486,0.029075865506247724)
(487,0.029058564987774656)
(488,0.029047805260477517)
(489,0.02903999215931135)
(490,0.02901860349858572)
(491,0.029011067479574132)
(492,0.028997057136039558)
(493,0.028987911123423284)
(494,0.02896886095608754)
(495,0.02894775277820638)
(496,0.02892417428667272)
(497,0.02891482419534027)
(498,0.028893669557386942)
(499,0.02887152617847162)
(500,0.028846612007272395)
(501,0.02884044955904056)
(502,0.028827117508449407)
(503,0.02880232889710234)
(504,0.028761242244504444)
(505,0.028746094440737134)
(506,0.028735279359108246)
(507,0.028727296199627675)
(508,0.028714368890674944)
(509,0.02869409289131765)
(510,0.028665437441368635)
(511,0.028563166584064114)
(512,0.02853691143202243)
(513,0.028514146719607808)
(514,0.028489021953963033)
(515,0.02847788779597398)
(516,0.028471932429269986)
(517,0.02845868007659493)
(518,0.028437214596363718)
(519,0.028428742473036898)
(520,0.028418448055706768)
(521,0.028403947551040244)
(522,0.028397730367802246)
(523,0.028383835858957852)
(524,0.028356363665684767)
(525,0.02830970432324056)
(526,0.02829730633082047)
(527,0.028287551308429484)
(528,0.028276851909243828)
(529,0.02826899959376554)
(530,0.028264215986065173)
(531,0.028252638086227903)
(532,0.02823230853961201)
(533,0.028218641463143474)
(534,0.028191993449541743)
(535,0.02817729979554269)
(536,0.02817036225952065)
(537,0.028154285737135035)
(538,0.028127507942514368)
(539,0.028115580789714597)
(540,0.028105971456017433)
(541,0.028099214110775077)
(542,0.02809213069497582)
(543,0.02807896188731988)
(544,0.028073087170427898)
(545,0.028066675943015845)
(546,0.028055582998768692)
(547,0.02805114388441708)
(548,0.028041339089213017)
(549,0.02802200993950002)
(550,0.027988646933550243)
(551,0.02794499198329984)
(552,0.027927564405149936)
(553,0.02792115445254215)
(554,0.02791183352916646)
(555,0.027900639141306433)
(556,0.027895582198377882)
(557,0.02788451142837805)
(558,0.027862572916338715)
(559,0.027823090379761533)
(560,0.02777189049039995)
(561,0.02775175452009833)
(562,0.02774465610481366)
(563,0.027733419197746228)
(564,0.027720890809221986)
(565,0.027715053687357254)
(566,0.02770316672526542)
(567,0.027682241315698974)
(568,0.02766123819436691)
(569,0.02762823220305495)
(570,0.027621649987479638)
(571,0.02761366524688353)
(572,0.027593742419364634)
(573,0.027547141084973883)
(574,0.02753645160925107)
(575,0.027529314986367848)
(576,0.0275254022425855)
(577,0.027516220787640558)
(578,0.027501818740657106)
(579,0.02749226755405485)
(580,0.0274874189561972)
(581,0.02747647838911547)
(582,0.02745559241328293)
(583,0.02742335008807236)
(584,0.027382251679192688)
(585,0.027346717469756955)
(586,0.027332415847190775)
(587,0.027316541714919602)
(588,0.027288415307656466)
(589,0.02728120528542511)
(590,0.027276606419757436)
(591,0.027266198284425724)
(592,0.027253689371446232)
(593,0.027239212571307483)
(594,0.027233441841191107)
(595,0.027222697394287006)
(596,0.027204603721949983)
(597,0.027187808750198147)
(598,0.027180070601406044)
(599,0.02716433697139003)
(600,0.027154785150213172)
(601,0.027145277065195653)
(602,0.02712730779500994)
(603,0.027118816089745736)
(604,0.02711274569048268)
(605,0.02709409451512046)
(606,0.02708722466581183)
(607,0.027074460305699648)
(608,0.02704907211488326)
(609,0.026996987720824726)
(610,0.02698177668760006)
(611,0.02696708415018273)
(612,0.026949243128506835)
(613,0.026939372564741784)
(614,0.02691823643258431)
(615,0.026881375150462815)
(616,0.02685357495089041)
(617,0.02683966792841848)
(618,0.026820528492370693)
(619,0.026803228277781414)
(620,0.026795220591751937)
(621,0.026784804728492734)
(622,0.026773059485360056)
(623,0.026767926526564324)
(624,0.026756881533450884)
(625,0.026737936561616073)
(626,0.026726967738899432)
(627,0.026720239645157087)
(628,0.026710678265494458)
(629,0.02669976028620991)
(630,0.02669436703185791)
(631,0.026684373447398903)
(632,0.026669958035249006)
(633,0.02665636450959944)
(634,0.026646186034603364)
(635,0.026640687589957836)
(636,0.026631711575926885)
(637,0.026626210998447253)
(638,0.026601467175440503)
(639,0.026568214292677562)
(640,0.026562469680562525)
(641,0.02655735925798216)
(642,0.026544021637173305)
(643,0.026501980922249136)
(644,0.026486917105205704)
(645,0.026475292494691775)
(646,0.026467951252871203)
(647,0.02645582928383885)
(648,0.026444532321151123)
(649,0.02643850927259751)
(650,0.026426389353004787)
(651,0.026406696800502456)
(652,0.02639107142938247)
(653,0.026381664910043966)
(654,0.02637583834741139)
(655,0.026362837313905648)
(656,0.0263423677702865)
(657,0.026329622098928893)
(658,0.02632238219231763)
(659,0.026312911243000902)
(660,0.026299713672020466)
(661,0.0262937242459924)
(662,0.026283917528988145)
(663,0.026266475339422796)
(664,0.026249352577477958)
(665,0.026240551980332517)
(666,0.026234836981998712)
(667,0.026222956680898753)
(668,0.026207225132091762)
(669,0.02619066909372168)
(670,0.02618310300166684)
(671,0.0261759037430704)
(672,0.026160014617843383)
(673,0.026153415267505687)
(674,0.026147268787102444)
(675,0.026137745313523527)
(676,0.02609799021631161)
(677,0.02607108642600771)
(678,0.02606484576520827)
(679,0.026060069202224104)
(680,0.026053042823401318)
(681,0.026027107645416884)
(682,0.026017981049414784)
(683,0.026012944540990762)
(684,0.026002217917712865)
(685,0.025996513352853697)
(686,0.02599138817310197)
(687,0.025980132609382846)
(688,0.025975985549551543)
(689,0.025967700943398862)
(690,0.025951774898750512)
(691,0.025920858550630612)
(692,0.025912444904199704)
(693,0.025905477556243648)
(694,0.02589658388698288)
(695,0.02589239676829046)
(696,0.025884673384225086)
(697,0.02587285084883222)
(698,0.025858868689287606)
(699,0.02585325673133198)
(700,0.025841194213198568)
(701,0.025835064146035668)
(702,0.025823585294003006)
(703,0.02580084227228321)
(704,0.025760023897585894)
(705,0.025753942874415504)
(706,0.02573831310966322)
(707,0.025723126645884484)
(708,0.02571476036744532)
(709,0.025709962760542396)
(710,0.025701754451656646)
(711,0.02569459227259761)
(712,0.025690823976565635)
(713,0.025682654171128222)
(714,0.025667589101883204)
(715,0.0256433511098056)
(716,0.025621835085692494)
(717,0.025594262061416705)
(718,0.025582020600117297)
(719,0.025577118893715913)
(720,0.0255663998239879)
(721,0.02556069676858329)
(722,0.025557112785512807)
(723,0.02554824693463189)
(724,0.0255318388073906)
(725,0.02550770093367119)
(726,0.025493713257486745)
(727,0.02548269481547036)
(728,0.02547480827066667)
(729,0.025458164760418987)
(730,0.02544348523418736)
(731,0.025423881043743483)
(732,0.025416675235719232)
(733,0.025411458826584764)
(734,0.025401943395032534)
(735,0.025395113007111093)
(736,0.025391274777608986)
(737,0.025383303858823487)
(738,0.025370244334571954)
(739,0.025360720067600515)
(740,0.02535539769322211)
(741,0.025350753258843936)
(742,0.025340255223345563)
(743,0.02533505182301907)
(744,0.02533220723442561)
(745,0.02532189179825734)
(746,0.025317857685010516)
(747,0.025311709406772707)
(748,0.02530826752050254)
(749,0.025275347833626508)
(750,0.025264090993207682)
(751,0.0252535838897487)
(752,0.025248230913539418)
(753,0.02524081201972246)
(754,0.025230670009903953)
(755,0.02522620797231927)
(756,0.025218422263631742)
(757,0.0252085344438519)
(758,0.02519201707516928)
(759,0.025184968598609792)
(760,0.025180512499668933)
(761,0.02517024194119834)
(762,0.02516271044921086)
(763,0.025150242058910595)
(764,0.025140932065782794)
(765,0.02513666508172382)
(766,0.025127156758081762)
(767,0.025114251856323475)
(768,0.02510618779345981)
(769,0.025100585185336765)
(770,0.0250955949547873)
(771,0.025092991707295814)
(772,0.025086888591413826)
(773,0.02507736753710441)
(774,0.025067397238087933)
(775,0.02505226433748515)
(776,0.02504628976180154)
(777,0.025042604309256457)
(778,0.02503365129111521)
(779,0.02502777232419322)
(780,0.025017431552937112)
(781,0.025001237114508874)
(782,0.024994034896935607)
(783,0.024988379430362265)
(784,0.0249847018233977)
(785,0.02497616841369272)
(786,0.024963482935002453)
(787,0.02495634063612601)
(788,0.02495035697819928)
(789,0.02494697759615913)
(790,0.024939218772236073)
(791,0.024925217742548827)
(792,0.024919285946020067)
(793,0.02491497841573816)
(794,0.024908556953746757)
(795,0.02490092400491931)
(796,0.024897365819640815)
(797,0.024892143200225664)
(798,0.024885807462653523)
(799,0.02488290992328582)
(800,0.024877063600375914)
(801,0.024865798776371923)
(802,0.02484635108492803)
(803,0.02481558675476657)
(804,0.02480384851121772)
(805,0.024798715667008725)
(806,0.02479551138546579)
(807,0.024788969301285848)
(808,0.024784751832466312)
(809,0.02478229579138237)
(810,0.024776483573442656)
(811,0.024765982324904023)
(812,0.024755567866880095)
(813,0.02474427512860727)
(814,0.02474166581536631)
(815,0.024736844937958278)
(816,0.024727231442418764)
(817,0.024707988962531374)
(818,0.024702646212344054)
(819,0.0246977323356952)
(820,0.024694476018273428)
(821,0.02468830981403626)
(822,0.024680544986790363)
(823,0.02466871792721275)
(824,0.024663720633514644)
(825,0.024655895092155808)
(826,0.024649528151444302)
(827,0.02464188076023429)
(828,0.024634519754405945)
(829,0.02463031577753691)
(830,0.0246171518256946)
(831,0.024611435350233697)
(832,0.02460785967927953)
(833,0.024602066966842293)
(834,0.02459659551053361)
(835,0.024593830688436878)
(836,0.024587955657382338)
(837,0.024577353402793333)
(838,0.02455979411958869)
(839,0.024551658079622646)
(840,0.02454890564011419)
(841,0.024543752210552952)
(842,0.024533643381006512)
(843,0.024511713991552105)
(844,0.024505587071278728)
(845,0.02449795239212396)
(846,0.024480263230847073)
(847,0.024447712232062352)
(848,0.024431570688769964)
(849,0.024417150708099487)
(850,0.02441025955859579)
(851,0.024407041010587806)
(852,0.024400653432366283)
(853,0.024398235603160928)
(854,0.024392844327437248)
(855,0.024384378116892595)
(856,0.02437128079881608)
(857,0.02436479477755064)
(858,0.02436113203087075)
(859,0.024353528392512227)
(860,0.024348931923806473)
(861,0.024346083379529714)
(862,0.024339316117766484)
(863,0.024326038964841937)
(864,0.024304921961192563)
(865,0.024296687128964795)
(866,0.024282762187955338)
(867,0.024274980898422695)
(868,0.024271661318506086)
(869,0.0242664945791065)
(870,0.02426098886446523)
(871,0.024258326442770727)
(872,0.024253084702496795)
(873,0.024243645750604725)
(874,0.024234696144948928)
(875,0.024219384489155445)
(876,0.02421616347700541)
(877,0.024213901937016013)
(878,0.024204622003272346)
(879,0.024179966326678876)
(880,0.024176083015881582)
(881,0.024167273331442085)
(882,0.024163496365956893)
(883,0.024158467538879524)
(884,0.02415074872405251)
(885,0.024147551205466553)
(886,0.024142934222442965)
(887,0.0241368999894549)
(888,0.024134214083257503)
(889,0.024129311262442728)
(890,0.02411992379495825)
(891,0.02410338986958304)
(892,0.024072400699479784)
(893,0.024070983470144983)
(894,0.024056721750204655)
(895,0.02405338887245384)
(896,0.02404589466519464)
(897,0.02404244722593256)
(898,0.024038133361028807)
(899,0.024032017736793348)
(900,0.024029259298252986)
(901,0.024023613691532497)
(902,0.02401429267702305)
(903,0.023994589032057766)
(904,0.02399006435936662)
(905,0.023987664040252554)
(906,0.02398577222179312)
(907,0.023984607035328665)
(908,0.023980157343839705)
(909,0.023978453427162667)
(910,0.023977432890278497)
(911,0.0239750588490649)
(912,0.02397072969234634)
(913,0.023962460036432296)
(914,0.023959443741894453)
(915,0.02394980554204576)
(916,0.023946070032287367)
(917,0.023940035465560946)
(918,0.023936542181301618)
(919,0.023933985081709165)
(920,0.023928584154281982)
(921,0.023914111205051138)
(922,0.023892365485818343)
(923,0.02388493722423421)
(924,0.023882270828198347)
(925,0.023879701481205245)
(926,0.023878088450555553)
(927,0.023877474035506073)
(928,0.023873696372927286)
(929,0.023872643262758966)
(930,0.023870429546693238)
(931,0.02386645108580936)
(932,0.02385757784122359)
(933,0.023855060610028088)
(934,0.023851025578316185)
(935,0.02384967234600269)
(936,0.023845550700585687)
(937,0.023842720574722975)
(938,0.023841229082520534)
(939,0.023840340474331544)
(940,0.02383819723792373)
(941,0.023834233024919976)
(942,0.023827182772543316)
(943,0.02382150629607863)
(944,0.023814716694732167)
(945,0.02381306084641285)
(946,0.023811906906899598)
(947,0.0238084029705144)
(948,0.023807210970936032)
(949,0.023805700250165086)
(950,0.023803267737647047)
(951,0.023791881731952638)
(952,0.023789619878447844)
(953,0.023787592572538777)
(954,0.023785602749699233)
(955,0.023784342923909987)
(956,0.023783037391789743)
(957,0.023780938270044575)
(958,0.023768673620418634)
(959,0.023766252610852658)
(960,0.023764182039260267)
(961,0.02376175002027314)
(962,0.02376023849500169)
(963,0.023759352973740586)
(964,0.023757272194060083)
(965,0.023753440176715556)
(966,0.02374631819943356)
(967,0.023744156105582805)
(968,0.02373824282600128)
(969,0.023732880015761824)
(970,0.023728749097799155)
(971,0.02372630828164358)
(972,0.02372503914349503)
(973,0.023724067037169914)
(974,0.023722924379267193)
(975,0.0237131925733596)
(976,0.02370819057412457)
(977,0.02370602220789576)
(978,0.02370391449686622)
(979,0.023702505841817174)
(980,0.023701898643367393)
(981,0.02369855763662967)
(982,0.02369758233792042)
(983,0.02369565299521421)
(984,0.023692255047079083)
(985,0.023683702327379697)
(986,0.02368141314410265)
(987,0.02367697311995254)
(988,0.02366851792917499)
(989,0.023664625074645663)
(990,0.02366020876221854)
(991,0.023658754421580774)
(992,0.023658237384820605)
(993,0.02365466577700586)
(994,0.023653684368847842)
(995,0.0236517764057196)
(996,0.023648397959788528)
(997,0.02363988442868849)
(998,0.023637593209421204)
(999,0.023635156752798845)
(1000,0.023634175080371782)
(1,1.3211576246983803)
(2,0.9252257037193712)
(3,0.773139142211796)
(4,0.6927452250905799)
(5,0.6386142444015919)
(6,0.5936506005820659)
(7,0.5503589036793755)
(8,0.5048970300837642)
(9,0.45852366953324786)
(10,0.4127395849396808)
(11,0.36632764967772097)
(12,0.35613160172852343)
(13,0.3154909608701748)
(14,0.30453879445404736)
(15,0.2871546215913456)
(16,0.2737628950866775)
(17,0.2516525261444926)
(18,0.23611398201154052)
(19,0.21970817103753984)
(20,0.20859840857713038)
(21,0.20122524616705073)
(22,0.1985892359015226)
(23,0.19404643518164824)
(24,0.18925737034954765)
(25,0.18807157350549436)
(26,0.1854636432221378)
(27,0.18341474559368048)
(28,0.18243520599473745)
(29,0.18033811060326593)
(30,0.1764375818580206)
(31,0.17498432113325746)
(32,0.17393794716868172)
(33,0.1736231220286748)
(34,0.1727660822303807)
(35,0.1721382410748563)
(36,0.171778853023142)
(37,0.1710412975776116)
(38,0.17046016741707284)
(39,0.16923998580511324)
(40,0.16910392657286372)
(41,0.1678345173910203)
(42,0.1671021967682334)
(43,0.16690444915953656)
(44,0.16642758882652878)
(45,0.16626204123044097)
(46,0.166547900790971)
(47,0.1658551318855062)
(48,0.16463831038532925)
(49,0.1652074119542991)
(50,0.16503878733669883)
(51,0.16479939786474054)
(52,0.16500952370617933)
(53,0.164784705640426)
(54,0.16446342391354898)
(55,0.1637639428620184)
(56,0.16356797813718232)
(57,0.16288808251599235)
(58,0.16289365001856793)
(59,0.1630569397731383)
(60,0.1627653987113987)
(61,0.16267513144565854)
(62,0.16245103978428516)
(63,0.1623469235277642)
(64,0.16250781403004425)
(65,0.16215361926474298)
(66,0.16173318477925488)
(67,0.16161913579002055)
(68,0.16131444949304274)
(69,0.16129933771207416)
(70,0.16129627441571961)
(71,0.16149730300984594)
(72,0.16085102339444243)
(73,0.16109418892528096)
(74,0.16160430733565337)
(75,0.160708625140239)
(76,0.1609735954707906)
(77,0.16088780737087896)
(78,0.1606331231228661)
(79,0.16008842101412266)
(80,0.16072691091767796)
(81,0.16046801665777635)
(82,0.16049889647783636)
(83,0.16061700079676153)
(84,0.16086678520037873)
(85,0.16027814713101948)
(86,0.16039759754035424)
(87,0.16064493303041363)
(88,0.1609154211880796)
(89,0.1605142552784986)
(90,0.15980722482744003)
(91,0.15978445118350293)
(92,0.15967432191466358)
(93,0.1592002467335407)
(94,0.15958152500761724)
(95,0.15937785801930812)
(96,0.1589771821047403)
(97,0.15942930263010502)
(98,0.15928504387068618)
(99,0.15899213490096697)
(100,0.15912180613961352)
(101,0.15909672957908436)
(102,0.1593021618497883)
(103,0.15900143033405748)
(104,0.15903062202139748)
(105,0.15926081056305727)
(106,0.1591424995195485)
(107,0.15884951303197506)
(108,0.15899594894035146)
(109,0.15899593280237972)
(110,0.15901362025817384)
(111,0.1590885081181816)
(112,0.1592480203134636)
(113,0.15934378348336586)
(114,0.15875579839721404)
(115,0.15829627808353433)
(116,0.15871399799941602)
(117,0.15850400257280053)
(118,0.15849292365658266)
(119,0.15842899063303567)
(120,0.15815549066815848)
(121,0.15838376719855723)
(122,0.1582973328981611)
(123,0.15809053441726723)
(124,0.1581054532988643)
(125,0.15820705710799313)
(126,0.1583777548700383)
(127,0.1582195634860519)
(128,0.15822998789056408)
(129,0.15854239878751314)
(130,0.15816579661006352)
(131,0.15830486058242454)
(132,0.1585526236806186)
(133,0.15808937805316917)
(134,0.1582145200224818)
(135,0.15847861012895278)
(136,0.15812483926097443)
(137,0.15818033578836185)
(138,0.15831038070362624)
(139,0.1584446262476495)
(140,0.15833685932464475)
(141,0.15759355887577714)
(142,0.15831568777183141)
(143,0.15806149101075948)
(144,0.15814308810732355)
(145,0.15831213568300606)
(146,0.1585158287054105)
(147,0.15850669360810807)
(148,0.15808711093268768)
(149,0.15814606080990143)
(150,0.15822474408859416)
(151,0.15821264494757836)
(152,0.15794174983692144)
(153,0.1581528271638427)
(154,0.15799750677253474)
(155,0.15806479870613846)
(156,0.15826673020247406)
(157,0.15799458943847267)
(158,0.15808367263764334)
(159,0.1580661401090452)
(160,0.15801380403686324)
(161,0.15803306710497445)
(162,0.15801982148967625)
(163,0.15822003331339246)
(164,0.15823507261518574)
(165,0.15818894932860245)
(166,0.15769218905553462)
(167,0.1580450522259222)
(168,0.15797465084318538)
(169,0.1579780532687196)
(170,0.15794070011242262)
(171,0.1578668688364191)
(172,0.15773686866885012)
(173,0.15803188724014247)
(174,0.15786329475300426)
(175,0.15791922500928793)
(176,0.1580777677665885)
(177,0.15790078618703293)
(178,0.15793086849203417)
(179,0.1580169971516417)
(180,0.1581310508040133)
(181,0.15811651100336327)
(182,0.15792601302298315)
(183,0.15795322046127055)
(184,0.15800351825042686)
(185,0.15801762204357686)
(186,0.1578422656837691)
(187,0.15794783124314937)
(188,0.1578590715033991)
(189,0.15790645560481625)
(190,0.15805325549018379)
(191,0.15789180413372164)
(192,0.15793648788607734)
(193,0.15807603394660988)
(194,0.157933680439181)
(195,0.1579594539719383)
(196,0.15799899851857105)
(197,0.15802488281864263)
(198,0.15815509741465353)
(199,0.15804094730423174)
(200,0.15802295987217244)
(201,0.15798101497369185)
(202,0.15792447658880251)
(203,0.15787783078898873)
(204,0.158150081511048)
(205,0.15798171364271135)
(206,0.15801986947830357)
(207,0.15802941709446205)
(208,0.1580644322383239)
(209,0.15814780188178879)
(210,0.1581893056099146)
(211,0.15810843392540988)
(212,0.15820664378988922)
(213,0.158046195729407)
(214,0.15807071746684553)
(215,0.1580891602288625)
(216,0.1580785953725133)
(217,0.15806603636304728)
(218,0.15805534604657803)
(219,0.15818944599440984)
(220,0.15811983515145167)
(221,0.15814282311389855)
(222,0.1581161467812636)
(223,0.15812569234869203)
(224,0.15812459984649993)
(225,0.15812721128278356)
(226,0.15817211950364468)
(227,0.1581322571829689)
(228,0.15813874948893028)
(229,0.15820796531259917)
(230,0.15829741380622084)
(231,0.1581792265714529)
(232,0.15821069139390914)
(233,0.15826603646366685)
(234,0.15826784264819715)
(235,0.1581365436860371)
(236,0.15820230100213836)
(237,0.15817351953977016)
(238,0.15812647854330425)
(239,0.1581883361167834)
(240,0.15818313988991242)
(241,0.15819245626076991)
(242,0.15817673895503048)
(243,0.15818791003132332)
(244,0.1582236881990093)
(245,0.15826071616855664)
(246,0.15827889022333316)
(247,0.1581635843407657)
(248,0.15827320035307849)
(249,0.15819815105695725)
(250,0.15822632022669297)
(251,0.15827639504626342)
(252,0.15828510452135475)
(253,0.1583023910143583)
(254,0.15825417373200473)
(255,0.15826263320483036)
(256,0.15826402408542828)
(257,0.15824018897151682)
(258,0.15810837436757702)
(259,0.158206230606346)
(260,0.1581033826968126)
(261,0.15815568989169498)
(262,0.15812724620885238)
(263,0.15805547943691425)
(264,0.1579944715806995)
(265,0.1579170056621193)
(266,0.15777678921551463)
(267,0.15781814475998884)
(268,0.157894893623614)
(269,0.1578033723506022)
(270,0.1576763228127444)
(271,0.1577172783974269)
(272,0.15773013955965232)
(273,0.15778636820424718)
(274,0.15777089309541809)
(275,0.15771734825074016)
(276,0.15772917250740048)
(277,0.15776945913875526)
(278,0.1577273578312272)
(279,0.15772775335537917)
(280,0.15772215275305862)
(281,0.1577026649431216)
(282,0.15765054009846052)
(283,0.1575508987165415)
(284,0.15759724743153503)
(285,0.15751262823932388)
(286,0.1575869857497964)
(287,0.15751367070279856)
(288,0.15754808886815277)
(289,0.15754055136052955)
(290,0.15751777941847653)
(291,0.15749503028288447)
(292,0.1574766607405473)
(293,0.15751213507833098)
(294,0.1574194862476171)
(295,0.1574880649421863)
(296,0.1574707716182356)
(297,0.15742373886630295)
(298,0.15738390473261588)
(299,0.15734953576996263)
(300,0.157379431798048)
(301,0.15734779190117176)
(302,0.1574724782371378)
(303,0.15741949368025843)
(304,0.15736811933061415)
(305,0.15730858890343444)
(306,0.15730967044875627)
(307,0.15732627579491268)
(308,0.1573527334270165)
(309,0.15738659292358215)
(310,0.15738221384634016)
(311,0.15742151207650718)
(312,0.15734464160297057)
(313,0.15735021047885975)
(314,0.15738859587077908)
(315,0.15739192923920098)
(316,0.1573749325752266)
(317,0.157374970881113)
(318,0.15736585125472177)
(319,0.15731186492096422)
(320,0.15737858466422264)
(321,0.1573521274224545)
(322,0.15736687168892327)
(323,0.15740116905544171)
(324,0.15744444615332065)
(325,0.15739409587941855)
(326,0.15744485555347218)
(327,0.1574310097424997)
(328,0.15736238756413864)
(329,0.15740278503879268)
(330,0.15740069666416714)
(331,0.15739609753059644)
(332,0.15739756097723379)
(333,0.15741973733011574)
(334,0.15749084092205728)
(335,0.15740655726810246)
(336,0.1574756988235069)
(337,0.15742013176389202)
(338,0.15750697387378843)
(339,0.1575126711136935)
(340,0.15749464773747784)
(341,0.1574614240491114)
(342,0.15738472490594518)
(343,0.15745359014293692)
(344,0.15744558402438968)
(345,0.15742694186617245)
(346,0.15741214540971174)
(347,0.15743620967210206)
(348,0.15740400415363162)
(349,0.15750496080464457)
(350,0.15746441764842437)
(351,0.15741328251377867)
(352,0.15744550386434372)
(353,0.15744114108443796)
(354,0.15743045650029264)
(355,0.15741465045341577)
(356,0.15732625839060121)
(357,0.1574127969151912)
(358,0.15740068548746167)
(359,0.1573703056522395)
(360,0.15735258536678218)
(361,0.1574247236342736)
(362,0.15733030285892863)
(363,0.157437204998172)
(364,0.15737520065007005)
(365,0.15741784777086873)
(366,0.1574151706328177)
(367,0.1574078473636937)
(368,0.15741648537191377)
(369,0.15744083578557455)
(370,0.1574339194191605)
(371,0.15741919971027285)
(372,0.15741504442182375)
(373,0.15745691221638247)
(374,0.15742475197420022)
(375,0.1574886294647985)
(376,0.15746749440190627)
(377,0.15748591719623894)
(378,0.15749276969576043)
(379,0.15747304400525738)
(380,0.15744563433263162)
(381,0.15747965556330817)
(382,0.15748170211988557)
(383,0.15751004914604508)
(384,0.15748256418624465)
(385,0.1575631059457026)
(386,0.15753649087151567)
(387,0.1575400406610595)
(388,0.15753787503911626)
(389,0.15755986455025248)
(390,0.1575090721741389)
(391,0.15753979106061428)
(392,0.15757424945273854)
(393,0.15752559427736218)
(394,0.1575454890048598)
(395,0.1575781303580787)
(396,0.15759195554867772)
(397,0.15759316154124403)
(398,0.15759043951543633)
(399,0.15762890337406538)
(400,0.15761287124169296)
(401,0.15762164637711362)
(402,0.1576422061409305)
(403,0.15768029221447263)
(404,0.15768430776157974)
(405,0.15771805939021444)
(406,0.15771800279255363)
(407,0.15772186309865532)
(408,0.15776968269683)
(409,0.1577799040985152)
(410,0.15785718136906432)
(411,0.15777315361349933)
(412,0.15783446846267496)
(413,0.1578228791360908)
(414,0.15780275349406708)
(415,0.157815817610792)
(416,0.15780019220115166)
(417,0.15785852724881488)
(418,0.15778942367636353)
(419,0.15787727328127787)
(420,0.1578536451664736)
(421,0.15781379874371682)
(422,0.15788665333796478)
(423,0.1578741842813131)
(424,0.15785294867041602)
(425,0.15785809126177772)
(426,0.15786892319693938)
(427,0.15789469209976564)
(428,0.15790235851274914)
(429,0.15789385763779726)
(430,0.15788344892655382)
(431,0.15790676188982278)
(432,0.15791023807197377)
(433,0.15790781597596287)
(434,0.15791358536245761)
(435,0.15788074186273868)
(436,0.15787058640284565)
(437,0.15788090386791936)
(438,0.15789149332249122)
(439,0.1578816771629553)
(440,0.157843131820463)
(441,0.15786047676723217)
(442,0.15784558399794194)
(443,0.1578014904878216)
(444,0.15781993368566696)
(445,0.15784209410880676)
(446,0.15777906267996034)
(447,0.15777864207927936)
(448,0.15775710851096308)
(449,0.15763566931004674)
(450,0.15752775469814514)
(451,0.15747576240604716)
(452,0.15734335940846517)
(453,0.1572647400735679)
(454,0.15725810182536024)
(455,0.15723155369315517)
(456,0.15720112759184768)
(457,0.15722326515689944)
(458,0.15720850159724495)
(459,0.1572021696458992)
(460,0.15721842178528767)
(461,0.15720551090646495)
(462,0.15718761755552935)
(463,0.15720287991404372)
(464,0.15719830634359921)
(465,0.157196172920544)
(466,0.15722935435866994)
(467,0.157221789049214)
(468,0.1572116877453432)
(469,0.15717482708948277)
(470,0.15718537461231946)
(471,0.15718287423489327)
(472,0.1571867266632089)
(473,0.15718476230629183)
(474,0.15716610526675942)
(475,0.15711636261639475)
(476,0.15705012050801326)
(477,0.15709737978709365)
(478,0.15713819889065794)
(479,0.15712240371946565)
(480,0.15712445047461557)
(481,0.15713837447146983)
(482,0.15710342817857062)
(483,0.15702937497527328)
(484,0.15713382675742138)
(485,0.15713818698363982)
(486,0.15714753961781716)
(487,0.15722595067844553)
(488,0.1572136827779209)
(489,0.157170392044085)
(490,0.1572271466509935)
(491,0.1572330550102293)
(492,0.1572657243155361)
(493,0.15726410247768147)
(494,0.1572797468396778)
(495,0.15726328080966503)
(496,0.15728376670437125)
(497,0.15729882851552726)
(498,0.1573368662584615)
(499,0.1573446745159768)
(500,0.15736428787009404)
(501,0.15736275521323442)
(502,0.15736067036037787)
(503,0.15736711909841802)
(504,0.1573977780143862)
(505,0.1574271511697374)
(506,0.15743514436945963)
(507,0.15743683309080705)
(508,0.15743764415948538)
(509,0.15745620724770887)
(510,0.15743015679873135)
(511,0.15757791349526995)
(512,0.15753349575846254)
(513,0.15761898097238958)
(514,0.15759083603206014)
(515,0.1576252802612371)
(516,0.15763104150758098)
(517,0.15763961340458643)
(518,0.15764745337321145)
(519,0.15764645966475346)
(520,0.15764985363491923)
(521,0.15767562078823505)
(522,0.15767283446741923)
(523,0.1576714211707897)
(524,0.15768402345130944)
(525,0.15772039637795335)
(526,0.15770438552444874)
(527,0.15774885259707663)
(528,0.15774462467397046)
(529,0.15778546730042706)
(530,0.15776583689236273)
(531,0.15776532251028064)
(532,0.1577670181414185)
(533,0.15773042500432877)
(534,0.1577479613606253)
(535,0.15775676332675218)
(536,0.15776052385502573)
(537,0.15777093912676493)
(538,0.157763639318683)
(539,0.1577780879951544)
(540,0.1577737757518072)
(541,0.15778356032103144)
(542,0.15778646765706192)
(543,0.15778295059694117)
(544,0.15779113311107257)
(545,0.15779527440905167)
(546,0.15779380831623407)
(547,0.1578028576261093)
(548,0.157806288347166)
(549,0.15781035191858397)
(550,0.1578185496069387)
(551,0.15784130806882604)
(552,0.1578690437827006)
(553,0.15786648362958114)
(554,0.15786661403093946)
(555,0.1578868579158434)
(556,0.15788630227546846)
(557,0.15788917132414057)
(558,0.15791212212357944)
(559,0.15792761799243019)
(560,0.1579447979680658)
(561,0.15795739351399535)
(562,0.15796934154083764)
(563,0.15797375663029076)
(564,0.15797398894147532)
(565,0.15798004969813612)
(566,0.15798470644470103)
(567,0.15797327217498233)
(568,0.15791261977902604)
(569,0.15796806616674827)
(570,0.15797399884260688)
(571,0.15796644915097804)
(572,0.15795624469299702)
(573,0.1579787278194744)
(574,0.15797655802223426)
(575,0.15799356046573776)
(576,0.15799818203747898)
(577,0.15801555588836871)
(578,0.15802221158965785)
(579,0.15803087023677378)
(580,0.1580322896545792)
(581,0.1580392548900753)
(582,0.15806687543315734)
(583,0.15807431761055096)
(584,0.15815117019812164)
(585,0.1581624512627699)
(586,0.15816443456744403)
(587,0.15817456128660684)
(588,0.15818827438926414)
(589,0.15818580986267927)
(590,0.15819241565462203)
(591,0.15819960836032865)
(592,0.1581903624053518)
(593,0.1581975867267369)
(594,0.1582008727609079)
(595,0.1582000501865497)
(596,0.15818370582793917)
(597,0.15819876839211874)
(598,0.1581966181649623)
(599,0.15820736284568301)
(600,0.1582142642028547)
(601,0.1582140984879551)
(602,0.15819498331873505)
(603,0.1582107600198163)
(604,0.15823593262216293)
(605,0.1582105703176809)
(606,0.1582186317409428)
(607,0.15823292189477908)
(608,0.15824192366909215)
(609,0.15824099453312562)
(610,0.15822397384410844)
(611,0.15825703581678327)
(612,0.15825085818951382)
(613,0.15826233372124593)
(614,0.15827392265078022)
(615,0.15824678717082366)
(616,0.1582460146979183)
(617,0.15826207591250938)
(618,0.1582956342251735)
(619,0.1582620579816083)
(620,0.15827147494376967)
(621,0.15827334085271957)
(622,0.15825701818669216)
(623,0.15826499932991964)
(624,0.15828318027734162)
(625,0.15831459689075672)
(626,0.15829527065853044)
(627,0.15830439972112856)
(628,0.15831063262720624)
(629,0.15830137443355094)
(630,0.1583099250441016)
(631,0.1583306999247791)
(632,0.1583717034060219)
(633,0.15834808626185565)
(634,0.15835477005682386)
(635,0.15835394458769803)
(636,0.15835836740203843)
(637,0.1583848763911508)
(638,0.15832604563990618)
(639,0.1584025489839992)
(640,0.15840136566045862)
(641,0.1583898615994785)
(642,0.15838169162815324)
(643,0.15840338588710667)
(644,0.15843950524110775)
(645,0.1584560267577486)
(646,0.1584532515330445)
(647,0.15844649050627255)
(648,0.1584781510450966)
(649,0.15847792703798194)
(650,0.15848619934032687)
(651,0.15854483067528413)
(652,0.15856276206754805)
(653,0.15855325334533268)
(654,0.15855989271324844)
(655,0.15857378478478174)
(656,0.15858671209731867)
(657,0.158577968288476)
(658,0.158593850387637)
(659,0.15862907109873628)
(660,0.1586099822587381)
(661,0.15862140965705657)
(662,0.15864114110872254)
(663,0.15864634459652294)
(664,0.158629746987602)
(665,0.1586555537887367)
(666,0.1586543859537609)
(667,0.15865563269200203)
(668,0.15868690986142617)
(669,0.1587159600329065)
(670,0.1587055222154604)
(671,0.15869189290707544)
(672,0.15873475804912057)
(673,0.15872684649609894)
(674,0.15872010679723866)
(675,0.1587678489773535)
(676,0.15878254733165603)
(677,0.15883828647695614)
(678,0.15882811966580246)
(679,0.15881939542450446)
(680,0.15887665706486073)
(681,0.15890838388100775)
(682,0.15888970591185883)
(683,0.15889678534559673)
(684,0.15890605234941385)
(685,0.15889996291141062)
(686,0.15889027985049814)
(687,0.15892386943139325)
(688,0.1589205553729215)
(689,0.15891658478718207)
(690,0.15892815812841218)
(691,0.15893905866123412)
(692,0.1589636093424972)
(693,0.15895153433005998)
(694,0.1589677605488083)
(695,0.15897022352158907)
(696,0.15896829790750452)
(697,0.1589520084645319)
(698,0.15897575137394482)
(699,0.15898250391969915)
(700,0.15901221022852796)
(701,0.15901071832235092)
(702,0.15901200509086907)
(703,0.15903729833553795)
(704,0.15907472202877046)
(705,0.1591436496123848)
(706,0.1590961931346449)
(707,0.1591266388595191)
(708,0.15911993216578565)
(709,0.15913196262076124)
(710,0.15915056581013384)
(711,0.1591356584273192)
(712,0.15914190395387764)
(713,0.1591529657385089)
(714,0.15915849875615778)
(715,0.15915993723537886)
(716,0.15908427300043212)
(717,0.1591454689625889)
(718,0.15914763621402886)
(719,0.15915569707630464)
(720,0.1591805350207898)
(721,0.15917727898903442)
(722,0.1591909365874413)
(723,0.1591897469680922)
(724,0.15919675128953695)
(725,0.1592562159494274)
(726,0.15926666886972116)
(727,0.15925701183098098)
(728,0.15926434844394555)
(729,0.15928007840775268)
(730,0.1593049230433827)
(731,0.15928459881497728)
(732,0.15929651910351983)
(733,0.15929258336710678)
(734,0.15928924328590482)
(735,0.1593071090573233)
(736,0.1593044610163286)
(737,0.1593044123306232)
(738,0.1593312976719552)
(739,0.15934448857582212)
(740,0.15933657160814585)
(741,0.15932623446560779)
(742,0.1593509399308179)
(743,0.15934582338511294)
(744,0.15934614872038488)
(745,0.15936306595300356)
(746,0.15935657747227647)
(747,0.1593619834523128)
(748,0.1593828391688762)
(749,0.1593947126647797)
(750,0.15937599097217175)
(751,0.15940129018780513)
(752,0.15939634759364846)
(753,0.1593785992697378)
(754,0.15940726776541736)
(755,0.1594051578401303)
(756,0.1593965994332197)
(757,0.15938299123061458)
(758,0.15942088244354924)
(759,0.15942237609231422)
(760,0.1594285509100738)
(761,0.15944680997893093)
(762,0.15950040598079387)
(763,0.15948362357762486)
(764,0.15949094556366925)
(765,0.15949149340701058)
(766,0.1594939755814997)
(767,0.15949364057705664)
(768,0.1595061310616541)
(769,0.1595227531422898)
(770,0.1595336440203385)
(771,0.15953892363378613)
(772,0.1595383039351728)
(773,0.15953321666239723)
(774,0.1595101778495298)
(775,0.15953942182311107)
(776,0.1595502296886335)
(777,0.15955477724159142)
(778,0.15957102310210247)
(779,0.15962659575301982)
(780,0.1596183818902327)
(781,0.1596201503966812)
(782,0.1596390142235769)
(783,0.15963760940136873)
(784,0.15964403285284598)
(785,0.15965607785695005)
(786,0.15965650456494856)
(787,0.159649182780644)
(788,0.1596646664156461)
(789,0.15966528599487786)
(790,0.1596684981011972)
(791,0.15969120842300233)
(792,0.15970265488478025)
(793,0.15969648724316424)
(794,0.15968349384889527)
(795,0.15970683051743592)
(796,0.15970644635008918)
(797,0.15969667129162493)
(798,0.1597141255235992)
(799,0.159714715290605)
(800,0.15971347623524465)
(801,0.15971101146058114)
(802,0.15970185612284749)
(803,0.15971489920712909)
(804,0.15972412589030943)
(805,0.15973391385139704)
(806,0.15974662566749454)
(807,0.15975853073990642)
(808,0.1597605505278929)
(809,0.15976291167648735)
(810,0.15977098307261245)
(811,0.1597947495348329)
(812,0.15980863027946163)
(813,0.15981656271015438)
(814,0.15981885647310615)
(815,0.15982452314199413)
(816,0.15983716310134094)
(817,0.15985816088918534)
(818,0.15986126550839766)
(819,0.15986651068814622)
(820,0.15986884174295068)
(821,0.15987918700873655)
(822,0.1599194972013181)
(823,0.1599138924506495)
(824,0.1599123077595964)
(825,0.159890629926525)
(826,0.15990284487884593)
(827,0.1599442277339743)
(828,0.1599297718531707)
(829,0.15991691936324276)
(830,0.15994652930319408)
(831,0.15993845605142518)
(832,0.15994475067869254)
(833,0.1599488296501578)
(834,0.15994437617190196)
(835,0.15994782678257527)
(836,0.15995333341484536)
(837,0.1599549354635173)
(838,0.15994258868862)
(839,0.159947316556521)
(840,0.15995012324195834)
(841,0.1599480637732417)
(842,0.15994316023337218)
(843,0.1599424142483594)
(844,0.15994320035366455)
(845,0.15993120435299124)
(846,0.15990125624536283)
(847,0.15981115884938726)
(848,0.15994829325841833)
(849,0.15989435799767174)
(850,0.15992758080332384)
(851,0.1599391767661743)
(852,0.15997490945746337)
(853,0.15997598135803678)
(854,0.1599797898575582)
(855,0.15999192027801057)
(856,0.15999823347199937)
(857,0.1600249133325672)
(858,0.1600259320589169)
(859,0.1600217023637975)
(860,0.16003962148841597)
(861,0.1600401205850642)
(862,0.16004260025817013)
(863,0.16005781465170696)
(864,0.16012087736635444)
(865,0.1601112935165355)
(866,0.16009277234713556)
(867,0.16012158470071444)
(868,0.16012284796113654)
(869,0.1601131036944737)
(870,0.16013094203489564)
(871,0.16013074020983192)
(872,0.16012660773157736)
(873,0.16011607435814393)
(874,0.16007197120207503)
(875,0.16012772050188126)
(876,0.16012459559634684)
(877,0.1601102483449895)
(878,0.16010188095376057)
(879,0.1601575722380185)
(880,0.16011392776741062)
(881,0.16015771124408643)
(882,0.16015199007445888)
(883,0.16012774063315968)
(884,0.1601651646610918)
(885,0.16016122292230295)
(886,0.16014386777176629)
(887,0.16017274484926414)
(888,0.1601707011832238)
(889,0.1601628116596947)
(890,0.16015286379485036)
(891,0.16013488201927487)
(892,0.16017988572131414)
(893,0.16015839946323487)
(894,0.16024290899248714)
(895,0.16020997370442291)
(896,0.16021551453409494)
(897,0.16022022135796007)
(898,0.16023854052183442)
(899,0.16021594342030757)
(900,0.16021594852686347)
(901,0.16021202855577849)
(902,0.16015970521734807)
(903,0.15979022787537492)
(904,0.15970713049020382)
(905,0.1597816761488793)
(906,0.15972797453895668)
(907,0.15963102262300832)
(908,0.15979319447890858)
(909,0.1597344819894605)
(910,0.1597455292396587)
(911,0.15977467157123293)
(912,0.15980880090811347)
(913,0.15975132732683173)
(914,0.15957953438407485)
(915,0.1599432913056595)
(916,0.1596368004297656)
(917,0.15984845439695694)
(918,0.15973493875368727)
(919,0.15977271402341942)
(920,0.15988422460208937)
(921,0.16000681011036724)
(922,0.15976959551115213)
(923,0.15990580676890204)
(924,0.15974591539990474)
(925,0.15985633238111796)
(926,0.1598076098247134)
(927,0.15971508572483226)
(928,0.1598346634321694)
(929,0.15982176543647061)
(930,0.15978475508847528)
(931,0.15975689134854734)
(932,0.1598478213893878)
(933,0.1598194549236251)
(934,0.15975284640276888)
(935,0.16001549407458088)
(936,0.15975755503993785)
(937,0.1598911502539545)
(938,0.15983595194493308)
(939,0.15984516951523495)
(940,0.1598652331547483)
(941,0.15989108212112202)
(942,0.15986026568623965)
(943,0.1597377818701707)
(944,0.1599022131942881)
(945,0.15985733148097656)
(946,0.15976860374848648)
(947,0.15989695853397953)
(948,0.15986451514178607)
(949,0.1597980764776512)
(950,0.15975940394570376)
(951,0.159929641639702)
(952,0.1598188448873254)
(953,0.15995419234200306)
(954,0.15985204435821632)
(955,0.1598890584584798)
(956,0.15999580377417932)
(957,0.16010017942205637)
(958,0.15981996022224898)
(959,0.15998644430987213)
(960,0.15981009553435738)
(961,0.15993685923191994)
(962,0.15987945759102204)
(963,0.15988950190009404)
(964,0.15991606207837591)
(965,0.15994870260208616)
(966,0.1599025228418452)
(967,0.15977141075196913)
(968,0.16015724927240402)
(969,0.15980702830333748)
(970,0.16001517305947338)
(971,0.15988784143492343)
(972,0.15992440233758237)
(973,0.1600317753632268)
(974,0.1601317366860573)
(975,0.15983696031417705)
(976,0.1599903170506717)
(977,0.15984816899137827)
(978,0.15995242274667523)
(979,0.15990894530156072)
(980,0.159829784646545)
(981,0.15994475333147698)
(982,0.15992857194011784)
(983,0.15988516456330448)
(984,0.15985008981571644)
(985,0.1599431871329725)
(986,0.15992101348397578)
(987,0.15986522036728515)
(988,0.15991278040330206)
(989,0.16013116163891086)
(990,0.15992514067788463)
(991,0.15996886176520808)
(992,0.16009897802799147)
(993,0.15993854283323522)
(994,0.15995961411629125)
(995,0.16001187658755675)
(996,0.16006722518866912)
(997,0.1599401960004369)
(998,0.15998846241690362)
(999,0.16013134300391968)
(1000,0.15983658920337424)

best val error :0.15702937497527328
