(1,1.3050664473462321)
(2,0.9023855692910646)
(3,0.7513272501001016)
(4,0.6719490172810464)
(5,0.6175676571673004)
(6,0.5718123090188207)
(7,0.5266923307289777)
(8,0.47923098389590946)
(9,0.43148939095226846)
(10,0.3846089011153849)
(11,0.338973579869626)
(12,0.3157684132974063)
(13,0.26549689006676414)
(14,0.2507414780582001)
(15,0.22835508824845932)
(16,0.20850003557809033)
(17,0.18988830728071096)
(18,0.17341689052750608)
(19,0.1567148739946783)
(20,0.1493167598571487)
(21,0.13771304849361363)
(22,0.1329680453692704)
(23,0.12677941235441068)
(24,0.1230503850241762)
(25,0.11972181628215307)
(26,0.11794383955888463)
(27,0.11409528224663426)
(28,0.10907831083095314)
(29,0.1032172146156386)
(30,0.0998843839965903)
(31,0.09716530588049667)
(32,0.09534880547785571)
(33,0.09433737705467633)
(34,0.09286228735506848)
(35,0.0904430620390458)
(36,0.08715481534905362)
(37,0.084375438591732)
(38,0.08343117894114743)
(39,0.08297375472310609)
(40,0.08204873777342024)
(41,0.08111203776829683)
(42,0.07980425008451024)
(43,0.07924210103774779)
(44,0.07833343829623977)
(45,0.07763591728130827)
(46,0.07724737931144057)
(47,0.07654681697128364)
(48,0.07538570450052536)
(49,0.0735037244628871)
(50,0.07305634624355348)
(51,0.0721141878137094)
(52,0.07182826498783218)
(53,0.07137964249807517)
(54,0.07111016359130778)
(55,0.0706502819395735)
(56,0.07037453154518863)
(57,0.0702041096028953)
(58,0.06984858099173398)
(59,0.06927524588431645)
(60,0.0685887198643015)
(61,0.06671470185708453)
(62,0.06603436634215641)
(63,0.06585122372840653)
(64,0.06539493560144997)
(65,0.065252199517913)
(66,0.06503323717553747)
(67,0.06461103166171564)
(68,0.06379618322226226)
(69,0.06350710555590644)
(70,0.0633079985460769)
(71,0.06307485962588265)
(72,0.06268453907039769)
(73,0.06251695588016576)
(74,0.06232353085374947)
(75,0.06200502791604368)
(76,0.06186939594742202)
(77,0.06170303195324062)
(78,0.06141864858737039)
(79,0.06079677244788808)
(80,0.059709954792225683)
(81,0.058917833939903)
(82,0.05864248021150622)
(83,0.05850702257513894)
(84,0.058309654792596706)
(85,0.05800992571958388)
(86,0.05712247902639556)
(87,0.0569399269758649)
(88,0.05669790737276814)
(89,0.05637216890621825)
(90,0.0562403170979511)
(91,0.056099075739142745)
(92,0.05593175356247352)
(93,0.055459391968192356)
(94,0.05523595435210295)
(95,0.055126027395637225)
(96,0.05488498871523404)
(97,0.05473677095740914)
(98,0.054398363406666414)
(99,0.05421565279252938)
(100,0.05412400243926827)
(101,0.05391025525870423)
(102,0.05367546164016746)
(103,0.05347581501101638)
(104,0.05331118603003938)
(105,0.053019404433385514)
(106,0.05282544592332443)
(107,0.05273022349358905)
(108,0.05254577353983596)
(109,0.05243744416575321)
(110,0.05223485286594296)
(111,0.05212421629122406)
(112,0.052046287353807716)
(113,0.05189339943206597)
(114,0.05170659491709491)
(115,0.05145610574823661)
(116,0.051352604746947035)
(117,0.05126378552949583)
(118,0.05104588566568818)
(119,0.05027004930749987)
(120,0.050000708781930414)
(121,0.04991012818637682)
(122,0.049726387334746686)
(123,0.04963070770042648)
(124,0.049437189363296705)
(125,0.04923879795419397)
(126,0.04895712987346205)
(127,0.04885258339617258)
(128,0.048754271006480825)
(129,0.048696189285293096)
(130,0.04857430918422487)
(131,0.04834614818814487)
(132,0.04797312238784448)
(133,0.047600879890266665)
(134,0.04724397511106288)
(135,0.04709063580765208)
(136,0.04701797754486151)
(137,0.046884144807692686)
(138,0.04679528545605953)
(139,0.04655763301945682)
(140,0.04644676008210977)
(141,0.04638916535889839)
(142,0.04626154621971206)
(143,0.04613905333214719)
(144,0.045987644303128745)
(145,0.045909840883943114)
(146,0.0457561605376726)
(147,0.04567727188581748)
(148,0.04554330410142962)
(149,0.04543705145167599)
(150,0.04537549260133264)
(151,0.04527629440212203)
(152,0.04518170546007082)
(153,0.04513056105492701)
(154,0.045025039955148935)
(155,0.04496601232724303)
(156,0.04486518798409175)
(157,0.04479096735103856)
(158,0.04473258231884212)
(159,0.044601780129636046)
(160,0.04454340047428689)
(161,0.04446743024899061)
(162,0.04436254504059439)
(163,0.044320637312302784)
(164,0.044229270971793695)
(165,0.044140811076773215)
(166,0.04407047553478467)
(167,0.043975296074659435)
(168,0.04392017243242999)
(169,0.043887668370567505)
(170,0.043824666571241046)
(171,0.04379179731566836)
(172,0.0437275309296979)
(173,0.043692317039579764)
(174,0.04353992909178514)
(175,0.04350078578232326)
(176,0.04341496736400052)
(177,0.04325563180630031)
(178,0.042981980142455654)
(179,0.042889428261512)
(180,0.042826081982728144)
(181,0.042768536091931646)
(182,0.04272887513894455)
(183,0.042685518239280774)
(184,0.04260740734079567)
(185,0.0425736036647072)
(186,0.042531244387400316)
(187,0.042451193574926986)
(188,0.04222420055968734)
(189,0.04212654744827307)
(190,0.04208917665566333)
(191,0.04202921830128837)
(192,0.041897428232115536)
(193,0.041845510088095075)
(194,0.041809339424378957)
(195,0.041746886678008625)
(196,0.041691136114009056)
(197,0.041662849367438436)
(198,0.04159493461682957)
(199,0.041465826953636487)
(200,0.041248300875190845)
(201,0.04098539103862081)
(202,0.04085253160908694)
(203,0.040804567073535324)
(204,0.040736778550692396)
(205,0.04066683321374216)
(206,0.04062606614682909)
(207,0.04055714321208309)
(208,0.040503199107243294)
(209,0.04045405337363347)
(210,0.04036664135723676)
(211,0.04032748087951987)
(212,0.04025388939508405)
(213,0.040209366002618416)
(214,0.04014409793943656)
(215,0.04008453530811193)
(216,0.04005416530397744)
(217,0.0399860521775128)
(218,0.03991377843727286)
(219,0.039857247517940536)
(220,0.03979317902689037)
(221,0.03975353072881729)
(222,0.039730865945706684)
(223,0.03968359986970064)
(224,0.039660432901576004)
(225,0.03961150984927182)
(226,0.039566208746232054)
(227,0.039475632641865016)
(228,0.03944699306079622)
(229,0.039382757527522294)
(230,0.03925672473202461)
(231,0.03905382620978971)
(232,0.03899164805019118)
(233,0.038939037372727255)
(234,0.03889287471086905)
(235,0.03885983242154444)
(236,0.038838565168292566)
(237,0.038788625215103664)
(238,0.038691628336897405)
(239,0.03852786874406999)
(240,0.03832316515180604)
(241,0.03823518481332562)
(242,0.03818209129370892)
(243,0.03812688969202029)
(244,0.038086150405236455)
(245,0.03806143115276082)
(246,0.038019388912177675)
(247,0.037953603603114346)
(248,0.037848016323625014)
(249,0.03759653892548379)
(250,0.037505293473063764)
(251,0.03742500036820992)
(252,0.03738513256530573)
(253,0.037361100248737844)
(254,0.037323906486178685)
(255,0.03729626887517751)
(256,0.037245857445149966)
(257,0.03716830563993554)
(258,0.03714373490511132)
(259,0.03698439208916549)
(260,0.0369289464570277)
(261,0.0369014779288957)
(262,0.03683997444938512)
(263,0.03673100617111644)
(264,0.0365320623001084)
(265,0.0364766748235614)
(266,0.03643758088860439)
(267,0.03639465402172552)
(268,0.03635821241432724)
(269,0.036335708575559386)
(270,0.03631496013350404)
(271,0.036278082687760414)
(272,0.036216114818336614)
(273,0.03618970672953082)
(274,0.03614096778339675)
(275,0.03610013318851226)
(276,0.03600161818180976)
(277,0.03579970412861445)
(278,0.03574920474061108)
(279,0.03569667132992815)
(280,0.03566531746028594)
(281,0.03564197428603813)
(282,0.03559986388664478)
(283,0.0355684391865538)
(284,0.03550638115899018)
(285,0.03543499004051562)
(286,0.0353704553026911)
(287,0.035345336580879884)
(288,0.03528602509266455)
(289,0.03518134095947635)
(290,0.03505380331976076)
(291,0.03496466572756933)
(292,0.034936098536778495)
(293,0.03489680460201519)
(294,0.03486131246925676)
(295,0.0348142664293919)
(296,0.034777450505790376)
(297,0.03475078201104047)
(298,0.03473410957734352)
(299,0.03470219447019003)
(300,0.034658199115833094)
(301,0.034521444681389554)
(302,0.03448055058084435)
(303,0.034449117604106086)
(304,0.0344213969845766)
(305,0.03440121406607049)
(306,0.03436281383977532)
(307,0.0343186681969907)
(308,0.034197589674278855)
(309,0.034091680700351956)
(310,0.034002322782715255)
(311,0.03393330899537077)
(312,0.033893761091991485)
(313,0.03387996734923976)
(314,0.033854031434659065)
(315,0.03382482259031568)
(316,0.03378659594809403)
(317,0.0337645428871922)
(318,0.0337451439655486)
(319,0.03372342115540252)
(320,0.033690862723158965)
(321,0.03365726213794143)
(322,0.03363246458958692)
(323,0.03358456598314671)
(324,0.03356808973190804)
(325,0.03354348697837353)
(326,0.03347852837262695)
(327,0.03340592354608392)
(328,0.03332389419292229)
(329,0.03330132812426532)
(330,0.0332815391373043)
(331,0.03323656115149433)
(332,0.033182492791546475)
(333,0.03316014624706928)
(334,0.033111996951804154)
(335,0.033045675243502284)
(336,0.03293834047564409)
(337,0.032870334674102476)
(338,0.03283866647215062)
(339,0.032808641526265586)
(340,0.03276732187559178)
(341,0.03271331104076495)
(342,0.03268955613432891)
(343,0.03265905208870136)
(344,0.03260773197554151)
(345,0.03245843862891816)
(346,0.0323960041947952)
(347,0.03236300359042375)
(348,0.0323443330007337)
(349,0.03232683571403591)
(350,0.032295152159057754)
(351,0.03227143768837506)
(352,0.03224039268152411)
(353,0.032224866006982635)
(354,0.032190765718807)
(355,0.03217093374697374)
(356,0.032118909100605754)
(357,0.03209653624204875)
(358,0.03205724636206049)
(359,0.03200594663585452)
(360,0.0319902867045381)
(361,0.0319614893803374)
(362,0.03194225235031751)
(363,0.031919608046137596)
(364,0.03188838035605664)
(365,0.03183272500119127)
(366,0.031797908516250264)
(367,0.03178254207483793)
(368,0.03177298230452324)
(369,0.03174753498199657)
(370,0.03168414782742088)
(371,0.03166385330171963)
(372,0.03162639083660958)
(373,0.031545617793575356)
(374,0.03146702527371147)
(375,0.03137554198504901)
(376,0.031346776525739056)
(377,0.031328741431023835)
(378,0.03131749402677987)
(379,0.03130709346938645)
(380,0.03127477328078405)
(381,0.031249378312128748)
(382,0.031230254767640502)
(383,0.031203933390332207)
(384,0.031187425867970457)
(385,0.031149122885353396)
(386,0.03114027529969942)
(387,0.03109635440307914)
(388,0.03107389486678938)
(389,0.031060597467584716)
(390,0.031031344892474184)
(391,0.03099095315864192)
(392,0.030960492192743886)
(393,0.030943162621015156)
(394,0.030916832582432524)
(395,0.030892437245749083)
(396,0.030878931397206513)
(397,0.030850259288108972)
(398,0.030835113954400757)
(399,0.03080547556943718)
(400,0.03078664582095154)
(401,0.030766789858365777)
(402,0.030733929802208602)
(403,0.030718424029737113)
(404,0.030701446473601138)
(405,0.03067262258143295)
(406,0.030660597903637034)
(407,0.030635425074497305)
(408,0.030594688812823283)
(409,0.0305592936820002)
(410,0.030533335729753353)
(411,0.030522365800494076)
(412,0.030501190206905626)
(413,0.030463240446350317)
(414,0.03044300322591342)
(415,0.030420552177438182)
(416,0.030410313342029593)
(417,0.03039841539317003)
(418,0.030365815437080227)
(419,0.030330327360211025)
(420,0.030316126175475994)
(421,0.030305587284701552)
(422,0.030287338936189945)
(423,0.030266334248295074)
(424,0.030225974149156804)
(425,0.030212266615664285)
(426,0.030197585086063097)
(427,0.030179222310349755)
(428,0.030140504496150574)
(429,0.030122951141356543)
(430,0.030078539324413168)
(431,0.030060760168935167)
(432,0.03004948142456303)
(433,0.030009402970969462)
(434,0.029992363395805664)
(435,0.029982258666390812)
(436,0.02995926016116719)
(437,0.02992709354683839)
(438,0.029901535524430325)
(439,0.029883530869597306)
(440,0.02985761497318987)
(441,0.029834042822995576)
(442,0.029823575614919308)
(443,0.02981577521580385)
(444,0.029793166857480142)
(445,0.0297709751796346)
(446,0.02973849021417404)
(447,0.02972082127733204)
(448,0.029712735991941554)
(449,0.02970620711831645)
(450,0.029689613076420505)
(451,0.029683239126288147)
(452,0.029673106378886364)
(453,0.029660597466852637)
(454,0.02963511359731446)
(455,0.029627749601756334)
(456,0.02961173089770734)
(457,0.02958109556335931)
(458,0.029530405677638153)
(459,0.029481073673252884)
(460,0.029441756396536716)
(461,0.02943036222222212)
(462,0.02940746885992454)
(463,0.029364831153077548)
(464,0.029342574155672038)
(465,0.029328820674752787)
(466,0.02930881316476039)
(467,0.029285901983964715)
(468,0.029275193202958738)
(469,0.02924998165279238)
(470,0.02922511384076946)
(471,0.0291968945705385)
(472,0.029189925394484107)
(473,0.029174990197158333)
(474,0.029147040027928228)
(475,0.02910044497832456)
(476,0.029083066004537104)
(477,0.029070655414095686)
(478,0.029061114845152905)
(479,0.029044745552379486)
(480,0.029013661280717147)
(481,0.02898922101993114)
(482,0.02897302757729965)
(483,0.028957391137912673)
(484,0.02894950889023766)
(485,0.02894899423772774)
(486,0.028928696247787513)
(487,0.02891209408033828)
(488,0.028901008949725814)
(489,0.02887228103797335)
(490,0.02886616236860376)
(491,0.02884350913856131)
(492,0.02883075680876376)
(493,0.02880282048182432)
(494,0.028776923266246715)
(495,0.028766955794818045)
(496,0.028753883517723806)
(497,0.028741015849992998)
(498,0.028733058471014473)
(499,0.02872759052904432)
(500,0.0287231483229734)
(501,0.028707532258758817)
(502,0.028657123509770892)
(503,0.028634015635310678)
(504,0.02860479853137809)
(505,0.028587255003142954)
(506,0.02857325489124713)
(507,0.02856513631440689)
(508,0.028554022671032665)
(509,0.028535444337091934)
(510,0.028493093646266114)
(511,0.028458984243733207)
(512,0.028442748711728784)
(513,0.02843400603553691)
(514,0.028422652069887294)
(515,0.02841087099801197)
(516,0.028405948938878597)
(517,0.0283936174446535)
(518,0.028368607423289602)
(519,0.02832108773814032)
(520,0.028302017730261985)
(521,0.02827622022408909)
(522,0.02825120699307841)
(523,0.028239856150467382)
(524,0.028224489413671994)
(525,0.02820245141118609)
(526,0.028192950747819964)
(527,0.028172639435340277)
(528,0.0281354293928838)
(529,0.028108664250602298)
(530,0.028097725909875845)
(531,0.028087531640159744)
(532,0.02808024801522152)
(533,0.02807500417396003)
(534,0.028069277642994852)
(535,0.028060683085262363)
(536,0.028043403921693875)
(537,0.028017150987424477)
(538,0.028000959308183266)
(539,0.02799219225975573)
(540,0.0279861706079924)
(541,0.02798088110669214)
(542,0.027968631088094973)
(543,0.027964794133254704)
(544,0.027956734897790273)
(545,0.027942074048018645)
(546,0.027912534302244947)
(547,0.02790403228046785)
(548,0.02789637278830218)
(549,0.027889959859670542)
(550,0.0278857593096465)
(551,0.02787951120197039)
(552,0.027867265668671204)
(553,0.02783849118623752)
(554,0.027827675609168993)
(555,0.027816421313673498)
(556,0.027809262476803143)
(557,0.02780446434426806)
(558,0.027799817317490084)
(559,0.027790486522348452)
(560,0.027771032907179787)
(561,0.027764862700852135)
(562,0.02776445963604069)
(563,0.027745918596635714)
(564,0.027697855787236138)
(565,0.027690194282204032)
(566,0.02767349894352325)
(567,0.027665384592621196)
(568,0.027658214383032346)
(569,0.02765387208871205)
(570,0.02764984900842968)
(571,0.027638009687925263)
(572,0.027600199153214742)
(573,0.027593524818223032)
(574,0.0275820640743696)
(575,0.02757530557124084)
(576,0.027570419604836877)
(577,0.027569326974465826)
(578,0.02755987347687862)
(579,0.02753775321012648)
(580,0.02750529004649095)
(581,0.027495889827806763)
(582,0.027489095821902686)
(583,0.027483916667038158)
(584,0.027480431099706777)
(585,0.027467384436746515)
(586,0.027463533780043823)
(587,0.027456235087521638)
(588,0.02744287146282655)
(589,0.02741181097061966)
(590,0.027403781984542006)
(591,0.027395319112967387)
(592,0.027388134644713662)
(593,0.027383467143052273)
(594,0.02738068754887439)
(595,0.027369154767994404)
(596,0.027334828318311626)
(597,0.027321550194332824)
(598,0.027311094315310393)
(599,0.027302291239409894)
(600,0.027296725239413885)
(601,0.0272950673689149)
(602,0.027281348429209953)
(603,0.027276705401514934)
(604,0.027274325127662282)
(605,0.027264883065524565)
(606,0.02722529741424892)
(607,0.027216311407555115)
(608,0.027209398443238053)
(609,0.02720294977837997)
(610,0.02719877119306953)
(611,0.027195173966659124)
(612,0.02718462717605792)
(613,0.0271524079438849)
(614,0.027144820806373413)
(615,0.027133227713598284)
(616,0.027126616042875775)
(617,0.027121955790854566)
(618,0.027120951415974752)
(619,0.02711311778542405)
(620,0.027104567946961852)
(621,0.027074365197398125)
(622,0.02705809344167553)
(623,0.027051121026383903)
(624,0.027037324737089908)
(625,0.027030555796896394)
(626,0.02702486365499945)
(627,0.027021187436191682)
(628,0.02701722002406519)
(629,0.02700886614533994)
(630,0.026978563401898775)
(631,0.026969340514021268)
(632,0.026962468909436953)
(633,0.02695601066777207)
(634,0.02695190511897508)
(635,0.026950012204126916)
(636,0.02694213392095295)
(637,0.0269198638554822)
(638,0.02690445155275424)
(639,0.026893881968557246)
(640,0.026885941467297888)
(641,0.026880792678686184)
(642,0.026877259568758926)
(643,0.0268711015628837)
(644,0.026867171899825126)
(645,0.02686531449694457)
(646,0.02686256846487837)
(647,0.026843360131363913)
(648,0.026826850481481694)
(649,0.026816606902237694)
(650,0.026807803875442206)
(651,0.026803656276502847)
(652,0.026799796213559834)
(653,0.026791500445452247)
(654,0.02678882134779681)
(655,0.02678229745730153)
(656,0.026770161327575887)
(657,0.026749669017182925)
(658,0.026722352821251395)
(659,0.026675631779056058)
(660,0.026666708468465534)
(661,0.026648585933455426)
(662,0.026628817229814427)
(663,0.026622453234744818)
(664,0.026608998204103507)
(665,0.026594384068120397)
(666,0.026577696907696197)
(667,0.026569849260464316)
(668,0.026566223329972605)
(669,0.026560293566317044)
(670,0.026555556172002566)
(671,0.026540398352966413)
(672,0.02653541620002437)
(673,0.02653370302963226)
(674,0.026527559878148425)
(675,0.026502795100850806)
(676,0.02649489472651715)
(677,0.02648966254477764)
(678,0.026487984247854226)
(679,0.026475682923910622)
(680,0.02644984703576894)
(681,0.026430745741163567)
(682,0.026390246820334275)
(683,0.026353403311377845)
(684,0.026342706041293438)
(685,0.026333406332623325)
(686,0.026317572467673474)
(687,0.02631104935381065)
(688,0.02630784070245161)
(689,0.02630039945065078)
(690,0.026287923489731132)
(691,0.02627027109516182)
(692,0.026265223381845768)
(693,0.026232178619356835)
(694,0.026222382885149408)
(695,0.02621708816254133)
(696,0.02620484678454751)
(697,0.02619646933070799)
(698,0.026185122081345748)
(699,0.026181556629376015)
(700,0.02616413542569599)
(701,0.026149295097380232)
(702,0.026134191859097128)
(703,0.02612933888152215)
(704,0.02612604559208197)
(705,0.026121603709209115)
(706,0.026112264935070087)
(707,0.026084707526905254)
(708,0.02607865632300861)
(709,0.026067290949993237)
(710,0.026060792039658647)
(711,0.026055935868025026)
(712,0.026053264549932398)
(713,0.02604222804586577)
(714,0.026010654485108205)
(715,0.02598897044881903)
(716,0.0259817764948213)
(717,0.025967801903195396)
(718,0.025963058581690696)
(719,0.025955873672737075)
(720,0.02595086340987149)
(721,0.025947801425479474)
(722,0.025945027731846534)
(723,0.025938236416267375)
(724,0.025911339582757972)
(725,0.025904903733771693)
(726,0.025898932155052543)
(727,0.025893396320743944)
(728,0.025889972147448072)
(729,0.025889219995867012)
(730,0.02588396112991762)
(731,0.025856064015121753)
(732,0.025844148608559797)
(733,0.025838798650636128)
(734,0.025832659677499894)
(735,0.025828605355951446)
(736,0.025826016979904776)
(737,0.025820972933101885)
(738,0.025813815517492934)
(739,0.025807172419166236)
(740,0.025803209892858187)
(741,0.025801764557174294)
(742,0.025792295208993374)
(743,0.02578976425469332)
(744,0.025783811302687375)
(745,0.025773178252128735)
(746,0.025754039337810345)
(747,0.025744613714876966)
(748,0.02571702127900444)
(749,0.0256850565214897)
(750,0.0256789132234658)
(751,0.025662583051839206)
(752,0.02564662627232082)
(753,0.025636636800280735)
(754,0.025632891210032885)
(755,0.025630351773045613)
(756,0.02562552050862364)
(757,0.025618311763496777)
(758,0.02560593331701257)
(759,0.025595209088902247)
(760,0.0255896124851197)
(761,0.025584842364606977)
(762,0.025581385711684296)
(763,0.025579565694158587)
(764,0.025575328541158782)
(765,0.025567933763602765)
(766,0.025561720692870715)
(767,0.02555345320308255)
(768,0.02554111445067873)
(769,0.025536947713317916)
(770,0.025531699982538333)
(771,0.025527886362368815)
(772,0.0255256453396458)
(773,0.025521794132749378)
(774,0.025515570818559423)
(775,0.025497990050829877)
(776,0.02549030075789858)
(777,0.02548627997620164)
(778,0.025485471739595603)
(779,0.025472091442499036)
(780,0.025455613068167897)
(781,0.025445777772205438)
(782,0.025414196263381983)
(783,0.025385890008866367)
(784,0.02538007108525331)
(785,0.025370221041919286)
(786,0.02535480692920774)
(787,0.025342636154904372)
(788,0.025335414702219772)
(789,0.025330846273306146)
(790,0.025322820352440673)
(791,0.025316745543765062)
(792,0.02531037341493357)
(793,0.025300842507052786)
(794,0.025296792906856)
(795,0.025289329582470065)
(796,0.02528068761477702)
(797,0.025267196739625512)
(798,0.025261061607276987)
(799,0.025250622809358622)
(800,0.025243506811469144)
(801,0.025239066629211923)
(802,0.025231238367121232)
(803,0.025228236054898056)
(804,0.02521200439426109)
(805,0.025202377908917772)
(806,0.025197260311653487)
(807,0.025190747074735575)
(808,0.025183682071534666)
(809,0.02518046137622972)
(810,0.025173442450009506)
(811,0.025162441496638523)
(812,0.02513680425919156)
(813,0.025129092183779834)
(814,0.02511965756793597)
(815,0.02509759535776258)
(816,0.025079730653995307)
(817,0.025073537164407453)
(818,0.025063501554882465)
(819,0.025048782867160023)
(820,0.02503073087174081)
(821,0.02502158581952663)
(822,0.02501637866035204)
(823,0.025008811646887383)
(824,0.025000841605601475)
(825,0.024996945819446163)
(826,0.02499004920690459)
(827,0.024979190336835076)
(828,0.024967979637095843)
(829,0.02496248677906884)
(830,0.024958880970003833)
(831,0.024951762771182773)
(832,0.02494734506169009)
(833,0.024940610610540415)
(834,0.024932989525301263)
(835,0.02491708127746014)
(836,0.02491079555877332)
(837,0.024906880835531234)
(838,0.024902104662878784)
(839,0.02489606058341891)
(840,0.024891977036403626)
(841,0.024881053411429842)
(842,0.024877053254524932)
(843,0.024869957057644804)
(844,0.02486503665440807)
(845,0.024862180167122386)
(846,0.024855429582297382)
(847,0.02484295309947636)
(848,0.02482405812788072)
(849,0.024806254234772528)
(850,0.0247812846940407)
(851,0.024773107052064987)
(852,0.024759016749789965)
(853,0.024747037624184044)
(854,0.024739011061233565)
(855,0.024725361429521645)
(856,0.02471270130721216)
(857,0.024707533127913454)
(858,0.024690103682639502)
(859,0.024680827190647257)
(860,0.02466028601400157)
(861,0.0246409230836834)
(862,0.024624984491157267)
(863,0.02461716518424735)
(864,0.024613180105387513)
(865,0.024605341811723604)
(866,0.02460086188229442)
(867,0.024597076673126113)
(868,0.024587253295600364)
(869,0.024571494831611744)
(870,0.024550140948389778)
(871,0.02454374084211894)
(872,0.024539924906443713)
(873,0.024533737216852026)
(874,0.024529529836874803)
(875,0.02452682040147503)
(876,0.024519478076172545)
(877,0.024516414236143622)
(878,0.024510316616264318)
(879,0.024505151105504015)
(880,0.024492727055182403)
(881,0.024479455055466528)
(882,0.024470884315452537)
(883,0.024466918198675826)
(884,0.024461179570000723)
(885,0.024455543131363975)
(886,0.024452854979363507)
(887,0.024447131332620158)
(888,0.02443835240072344)
(889,0.02441772624157328)
(890,0.024411180516726153)
(891,0.024403445221583418)
(892,0.024380351072188933)
(893,0.024367626871650085)
(894,0.02436020958938774)
(895,0.02435525618149667)
(896,0.024350447060689753)
(897,0.02434417721556471)
(898,0.02434154632892871)
(899,0.02433634349245073)
(900,0.02432877776222255)
(901,0.02430611846259148)
(902,0.02430002840874593)
(903,0.024296816047681895)
(904,0.02428420008205165)
(905,0.02427470002369135)
(906,0.02426937141968736)
(907,0.024266401826510412)
(908,0.02425969968997292)
(909,0.024249780737569282)
(910,0.024243015938365423)
(911,0.02423834405326301)
(912,0.024235622222079478)
(913,0.0242289006610178)
(914,0.02421873012773433)
(915,0.02421319380687196)
(916,0.024201990514535244)
(917,0.024196947833360336)
(918,0.024192905559775813)
(919,0.024189986692429315)
(920,0.024184381405870304)
(921,0.024175810761176402)
(922,0.02416651690787944)
(923,0.02416258658536022)
(924,0.024153674008061732)
(925,0.024149493802781166)
(926,0.02414174229843321)
(927,0.024135463026394795)
(928,0.02413196722407057)
(929,0.024126024049972286)
(930,0.02412029111952612)
(931,0.02411736348534685)
(932,0.024111755065692964)
(933,0.02410255264072803)
(934,0.02409426896678944)
(935,0.024090005490263074)
(936,0.024086660616602987)
(937,0.02407878894083004)
(938,0.024074303851201084)
(939,0.024072006745330853)
(940,0.024066736512859326)
(941,0.02405840715000277)
(942,0.024050202157276906)
(943,0.024038344076543875)
(944,0.02403070754317791)
(945,0.02402724941195161)
(946,0.024020624126225642)
(947,0.024008736228591877)
(948,0.024001036447074527)
(949,0.023995874134285274)
(950,0.02399268060696941)
(951,0.023987026063442697)
(952,0.023982256162359977)
(953,0.023979681453608237)
(954,0.023974438965099258)
(955,0.023965706752243868)
(956,0.023949867522264336)
(957,0.023941045272614862)
(958,0.023938431519409917)
(959,0.023934177530513724)
(960,0.023924592116071085)
(961,0.023905072237032147)
(962,0.02390040045157988)
(963,0.02389498569159858)
(964,0.023891447934844674)
(965,0.023888713943485303)
(966,0.02388650656245217)
(967,0.023883512441254334)
(968,0.023880735173552495)
(969,0.02387507899518055)
(970,0.023870953575422217)
(971,0.023863948032396096)
(972,0.023859918486672616)
(973,0.023857971512223373)
(974,0.023853324875096907)
(975,0.023846703374337263)
(976,0.023841567928030764)
(977,0.02383905987819478)
(978,0.023834216115869437)
(979,0.023825740959129968)
(980,0.023818469079878637)
(981,0.023803068305076683)
(982,0.023800076231460337)
(983,0.023798153828102974)
(984,0.02378973156793519)
(985,0.02376823651944304)
(986,0.023765717562897606)
(987,0.023760679493276714)
(988,0.023756179801457618)
(989,0.0237520241816052)
(990,0.02374898856298693)
(991,0.02374760685095284)
(992,0.023744200119802085)
(993,0.023738086551807203)
(994,0.02372961377670368)
(995,0.023724366747350237)
(996,0.023721698911322895)
(997,0.02371692702656549)
(998,0.023710383842094868)
(999,0.023700738860472574)
(1000,0.023697257004294432)
(1,1.3351689822013315)
(2,0.9301640639175157)
(3,0.7758372432286333)
(4,0.6950970886128932)
(5,0.6410239068715832)
(6,0.5969113850707534)
(7,0.5531307490854818)
(8,0.5079131276234305)
(9,0.4597759196800711)
(10,0.4162959781108009)
(11,0.3710599440044569)
(12,0.35473606993160534)
(13,0.3157649490249413)
(14,0.3052502845487718)
(15,0.2889717121579994)
(16,0.2736848277781761)
(17,0.24943528931782236)
(18,0.2345705961837934)
(19,0.21882243208535548)
(20,0.20845568882615986)
(21,0.20047196163034184)
(22,0.19778768810442324)
(23,0.19144741267012172)
(24,0.18981295500460102)
(25,0.18723481998395824)
(26,0.18582286352442964)
(27,0.1834169469578375)
(28,0.17930699251401727)
(29,0.17329364005342382)
(30,0.1723037159688156)
(31,0.17135425128728327)
(32,0.1714703126775809)
(33,0.17096822913419446)
(34,0.16963039295606366)
(35,0.16791504634153695)
(36,0.16683928767396375)
(37,0.1659572388373153)
(38,0.16607483379629323)
(39,0.1654674079892956)
(40,0.16561479158243866)
(41,0.16482346417732727)
(42,0.16423115545689376)
(43,0.16423583210946205)
(44,0.16420877853897048)
(45,0.16307560865196616)
(46,0.16310122531373775)
(47,0.16349017958773887)
(48,0.16266332802182507)
(49,0.16066191335687136)
(50,0.16241212346034256)
(51,0.16119669260668365)
(52,0.16139458830730902)
(53,0.16198774828681917)
(54,0.16172892728477467)
(55,0.16084505526753312)
(56,0.16122361651790032)
(57,0.16105859852674595)
(58,0.16065381375095997)
(59,0.1601101898998628)
(60,0.15922898362840213)
(61,0.15929189443320943)
(62,0.1597274493815856)
(63,0.15871208506579063)
(64,0.15952387205037372)
(65,0.15931386651925514)
(66,0.15901342536633833)
(67,0.15882930527043154)
(68,0.15899857487011934)
(69,0.15863593983687754)
(70,0.15881399897455292)
(71,0.15924851123551942)
(72,0.1584437693618309)
(73,0.15860613891061554)
(74,0.1589319697591666)
(75,0.15823327371848503)
(76,0.15837654829823358)
(77,0.1586932886643992)
(78,0.15907828115969228)
(79,0.15899020407186612)
(80,0.15666414896124542)
(81,0.15808761574783786)
(82,0.15770077595434928)
(83,0.15779623776551222)
(84,0.15799695969446526)
(85,0.15817100145389507)
(86,0.15782491791781847)
(87,0.15688766811798324)
(88,0.1570556494564259)
(89,0.15715680538989443)
(90,0.1573023976925159)
(91,0.15752041303458847)
(92,0.15781397031527247)
(93,0.1576332992479657)
(94,0.1574447405518251)
(95,0.15739306232755748)
(96,0.15728711084415176)
(97,0.15734749854537594)
(98,0.1571453860784841)
(99,0.15740231418867812)
(100,0.15738161602775072)
(101,0.1573566032423976)
(102,0.15751844958526445)
(103,0.15751886573303123)
(104,0.15750878980872898)
(105,0.15700232083420804)
(106,0.1572107241715484)
(107,0.15724741293707958)
(108,0.15741348198326105)
(109,0.1573422210844359)
(110,0.15708801607652442)
(111,0.1572443724157469)
(112,0.15716430385651414)
(113,0.15695980989510627)
(114,0.15678711098006518)
(115,0.1571375841360644)
(116,0.15696844105073424)
(117,0.1567792725442672)
(118,0.15695382923283024)
(119,0.15719280691011228)
(120,0.15722816898530967)
(121,0.1572378526404616)
(122,0.15728224863296866)
(123,0.1572540094661338)
(124,0.15709154843728973)
(125,0.1568828659477193)
(126,0.15732812045768968)
(127,0.1570104369225085)
(128,0.1572153481578238)
(129,0.1571564822837384)
(130,0.1570695442445089)
(131,0.15710679034825148)
(132,0.1572233398933104)
(133,0.15752552462774438)
(134,0.1572380455830815)
(135,0.15731610969834056)
(136,0.15728652002288396)
(137,0.1572448304608455)
(138,0.1573231375529723)
(139,0.15729832417768336)
(140,0.15721085910087512)
(141,0.15719936893117842)
(142,0.15717211603185088)
(143,0.15712919247081988)
(144,0.1570052286566805)
(145,0.15699476938234547)
(146,0.15696375496315826)
(147,0.15691342728457883)
(148,0.15686623203958375)
(149,0.15693597138811138)
(150,0.15685574332511548)
(151,0.15676026742695767)
(152,0.15683880924472163)
(153,0.156816275962829)
(154,0.15681213396457422)
(155,0.15682513916210714)
(156,0.15680270194581036)
(157,0.15671002707903275)
(158,0.15656098576322844)
(159,0.1568312956840372)
(160,0.15672979172778975)
(161,0.15661934417245593)
(162,0.15670337344898333)
(163,0.15668353865895554)
(164,0.15665741010517653)
(165,0.15677537134384265)
(166,0.15661184211597695)
(167,0.15671734226400952)
(168,0.15663397266923532)
(169,0.15663103092116357)
(170,0.15660078948576106)
(171,0.15657794512951007)
(172,0.1565619967667054)
(173,0.1566273560376244)
(174,0.15652383007108459)
(175,0.15651039021919338)
(176,0.15648452203533308)
(177,0.1564334650620409)
(178,0.15636226916710097)
(179,0.15633889795762346)
(180,0.15625706360671368)
(181,0.15629729697626554)
(182,0.15625131121862332)
(183,0.1562249933810804)
(184,0.1562578707000998)
(185,0.15622363256327162)
(186,0.15619895208776885)
(187,0.15624295626989612)
(188,0.15626808941935183)
(189,0.15622710001382098)
(190,0.15622942483158864)
(191,0.1562521129735375)
(192,0.15626240795363047)
(193,0.15618989118119808)
(194,0.1562161098565613)
(195,0.15627961797783219)
(196,0.15616822635584296)
(197,0.15617603393631288)
(198,0.15617685370798765)
(199,0.1561583763831726)
(200,0.15609356995597623)
(201,0.15609009413230665)
(202,0.15615092895827767)
(203,0.1561087238303332)
(204,0.1560701011297357)
(205,0.15613002031301496)
(206,0.15608799038631221)
(207,0.1560641104167013)
(208,0.15609313482726442)
(209,0.15618028031294243)
(210,0.1560475136858727)
(211,0.15604983698038102)
(212,0.15607918424356843)
(213,0.15604102372193016)
(214,0.15598819526411353)
(215,0.15605359251387127)
(216,0.15603333168187278)
(217,0.15600779066230988)
(218,0.15602549192298018)
(219,0.15609104016438202)
(220,0.1560951031227973)
(221,0.15610289520553858)
(222,0.15606115617033908)
(223,0.15605069465776578)
(224,0.15603475412794188)
(225,0.1560252074027446)
(226,0.15603531975586718)
(227,0.1560488737258008)
(228,0.15603723163397612)
(229,0.15601878063514985)
(230,0.15600022141812428)
(231,0.1560086074227255)
(232,0.15602344843889787)
(233,0.1559947837520226)
(234,0.15599792591056189)
(235,0.15598116661473377)
(236,0.15598146061650497)
(237,0.15598461575492517)
(238,0.155992978106778)
(239,0.15598356448875775)
(240,0.15592479209875695)
(241,0.1558301394812492)
(242,0.15595772570033442)
(243,0.15586673965245598)
(244,0.15589465371458408)
(245,0.15589229999971665)
(246,0.15589875127448882)
(247,0.15592446756350917)
(248,0.15589658378528148)
(249,0.15604806742802488)
(250,0.1560409271599617)
(251,0.15620538665887124)
(252,0.15616624852677707)
(253,0.15614660192940025)
(254,0.15606237159211414)
(255,0.15605606074068018)
(256,0.15603728532721733)
(257,0.15602429496665077)
(258,0.1560608125690368)
(259,0.15609969823003828)
(260,0.15602990575131132)
(261,0.1560319774455402)
(262,0.15603920561462814)
(263,0.15601639496538253)
(264,0.15602073131426156)
(265,0.15622488168957416)
(266,0.1562245937163996)
(267,0.15614113956864772)
(268,0.1561191006552932)
(269,0.15609231133104515)
(270,0.15599277195012337)
(271,0.15598350454155024)
(272,0.15599983308943027)
(273,0.15598934709628695)
(274,0.15595941563398336)
(275,0.15589742482871655)
(276,0.15590636405083227)
(277,0.15579638115357763)
(278,0.1558098135632789)
(279,0.15586796854070337)
(280,0.15582778082011398)
(281,0.15584122082172241)
(282,0.15590009897781873)
(283,0.155906362947205)
(284,0.15590355862861685)
(285,0.1558385071993252)
(286,0.15586595473225942)
(287,0.15587789962419227)
(288,0.15591801232069735)
(289,0.15597158624858798)
(290,0.15602147964030552)
(291,0.15600184747026502)
(292,0.15597634062640897)
(293,0.1558752408322981)
(294,0.15589989472634663)
(295,0.1559893574735588)
(296,0.15586400164992276)
(297,0.15591184587485432)
(298,0.15589712568605635)
(299,0.15586225088369113)
(300,0.1558310358916897)
(301,0.1558233960505793)
(302,0.15593156352912446)
(303,0.1558717393238146)
(304,0.15592219477400024)
(305,0.1559170977057512)
(306,0.155904177008811)
(307,0.15592363237413576)
(308,0.15601243188984767)
(309,0.15615831678194864)
(310,0.15592429784911827)
(311,0.1559077664796981)
(312,0.15553301072682915)
(313,0.15557397993028504)
(314,0.15568287395577982)
(315,0.15575508115253034)
(316,0.15545017267471695)
(317,0.1556475029278062)
(318,0.1559952519226354)
(319,0.15601375193417108)
(320,0.15601095350455815)
(321,0.15586730875456836)
(322,0.15537598979868236)
(323,0.15540707050606398)
(324,0.1555707192526184)
(325,0.15593340571852674)
(326,0.15597692712186464)
(327,0.15562771490622437)
(328,0.15571541747969836)
(329,0.15547664684483048)
(330,0.1553383352875864)
(331,0.15531167016799532)
(332,0.15533063499853417)
(333,0.1553194149309547)
(334,0.15530586189227358)
(335,0.15536092050088662)
(336,0.15545405951304012)
(337,0.1558841640908097)
(338,0.1556216587260672)
(339,0.15534819267947797)
(340,0.15523003091359927)
(341,0.15537278424283865)
(342,0.15531837152154984)
(343,0.15518953934425384)
(344,0.1550899560005245)
(345,0.15497117751467424)
(346,0.15525642026017486)
(347,0.1551391892446567)
(348,0.15514545939897992)
(349,0.15520553698975942)
(350,0.155293622940698)
(351,0.15539055115551004)
(352,0.15534292848402845)
(353,0.15534352258363165)
(354,0.15534602472742465)
(355,0.15535799940777884)
(356,0.15535768934403826)
(357,0.15535437466313823)
(358,0.15537289332271909)
(359,0.1553613326992931)
(360,0.15535934419091096)
(361,0.155352538929051)
(362,0.15536887566135488)
(363,0.1553931894684903)
(364,0.155434861653345)
(365,0.15585018673536047)
(366,0.15546111627119832)
(367,0.15569862616353372)
(368,0.15602682282680128)
(369,0.1560881448932689)
(370,0.15613705945210532)
(371,0.1560881828757858)
(372,0.15602654336240757)
(373,0.15590620685194645)
(374,0.15554030085978174)
(375,0.15567354105929565)
(376,0.15552249038353236)
(377,0.15574918810323538)
(378,0.155606289395132)
(379,0.15547818048497664)
(380,0.15546438433378118)
(381,0.15547513697666884)
(382,0.1554981240485071)
(383,0.15589308469673643)
(384,0.15618915200199834)
(385,0.15619551961007946)
(386,0.15618515764438323)
(387,0.15615338262356884)
(388,0.15614913549543638)
(389,0.15614659163376524)
(390,0.15614324463764562)
(391,0.15615931877069966)
(392,0.15616684484941717)
(393,0.15617111199331804)
(394,0.1561468282264043)
(395,0.15614828581433765)
(396,0.15615422444108798)
(397,0.1561735468538778)
(398,0.15616670002671104)
(399,0.15614853294014952)
(400,0.15616718650637185)
(401,0.1561902157862769)
(402,0.15614813028790372)
(403,0.15616779873560152)
(404,0.1561697277615333)
(405,0.15613013050058566)
(406,0.15614022153447404)
(407,0.15615329216151674)
(408,0.1561301499835296)
(409,0.1559445284127432)
(410,0.15561265733137544)
(411,0.1556639744439232)
(412,0.1558186779258488)
(413,0.15583374526792346)
(414,0.15547523599467136)
(415,0.15568669323039586)
(416,0.15557177531199692)
(417,0.1554656711811181)
(418,0.1554806270163866)
(419,0.1555351130767677)
(420,0.15576851477756765)
(421,0.1561737141792112)
(422,0.15614718474741818)
(423,0.15603863253247585)
(424,0.15578275870223782)
(425,0.15559098496130078)
(426,0.15545434163347174)
(427,0.15547848001566061)
(428,0.15571959288354234)
(429,0.15622365933681562)
(430,0.15618392819778576)
(431,0.15620564801826992)
(432,0.1562347117621348)
(433,0.15618336650465864)
(434,0.15622039962721623)
(435,0.15621387944042425)
(436,0.15620230869647186)
(437,0.15619807554344875)
(438,0.15619453906243827)
(439,0.15609309494370868)
(440,0.1556643930158769)
(441,0.15583295326899466)
(442,0.15566551004719525)
(443,0.15554429064042424)
(444,0.15552999027474793)
(445,0.15558006230958304)
(446,0.1558523640704886)
(447,0.15571155498603947)
(448,0.1558094024631576)
(449,0.15610763349301526)
(450,0.1558462909996003)
(451,0.15577899905346915)
(452,0.15565991637080578)
(453,0.1556112844735444)
(454,0.15576408908053327)
(455,0.15579708970404382)
(456,0.15588138519058906)
(457,0.15594350385820793)
(458,0.15568639809937895)
(459,0.15561376954306458)
(460,0.1556631271521961)
(461,0.15566304854911026)
(462,0.15566672579160723)
(463,0.1556982371598268)
(464,0.15570921282264955)
(465,0.15570526016012193)
(466,0.15570319938075142)
(467,0.15572833287771803)
(468,0.15573057266110074)
(469,0.15573637079051603)
(470,0.15571617268351598)
(471,0.15574480933928897)
(472,0.15575088062854942)
(473,0.1557579279307344)
(474,0.15576941246116532)
(475,0.15577995517627657)
(476,0.15577094546468073)
(477,0.15577772932863246)
(478,0.1557851605809958)
(479,0.1557896818350204)
(480,0.15585482027542272)
(481,0.15622765904973554)
(482,0.15586048888821996)
(483,0.15611402382820944)
(484,0.15596889037890344)
(485,0.15584474473408436)
(486,0.15584889046734346)
(487,0.15584019629306337)
(488,0.15585521433653368)
(489,0.15600709140604682)
(490,0.1566193635608102)
(491,0.1566044097473098)
(492,0.1565826525317069)
(493,0.15645817779141052)
(494,0.15612655512663162)
(495,0.15606798186197607)
(496,0.15597659747935716)
(497,0.15624509835293368)
(498,0.15605027971622068)
(499,0.15613656263591816)
(500,0.15640230332838656)
(501,0.15654454569019335)
(502,0.15607689479803125)
(503,0.15593556916681758)
(504,0.15588138438767565)
(505,0.15594825303852805)
(506,0.15591986396231108)
(507,0.15593051019108684)
(508,0.15594024656853742)
(509,0.15592446771058796)
(510,0.1558714606062977)
(511,0.1559182449965449)
(512,0.15592617848973425)
(513,0.15594319898422432)
(514,0.15593720765391847)
(515,0.15595055600976265)
(516,0.1559553972083172)
(517,0.15596631724003912)
(518,0.15599365236646642)
(519,0.15614407278209114)
(520,0.15674108307960172)
(521,0.15672800793827166)
(522,0.15674014665612104)
(523,0.15673725098755353)
(524,0.15672633299622166)
(525,0.15673753909453975)
(526,0.15671962702021208)
(527,0.15664909430165455)
(528,0.15630118363925255)
(529,0.15614801834930486)
(530,0.15646029559494376)
(531,0.1561623887091818)
(532,0.15631510758475228)
(533,0.15624659629199264)
(534,0.15613492951056748)
(535,0.15610347865877214)
(536,0.15636942579029)
(537,0.15611749005163295)
(538,0.15639885107293555)
(539,0.1561969999264646)
(540,0.15628906296710868)
(541,0.1565414482235182)
(542,0.1563019153786097)
(543,0.1562691225494152)
(544,0.15619261322373287)
(545,0.15614474773007114)
(546,0.15634790504167745)
(547,0.15618668757721235)
(548,0.1564079569432395)
(549,0.15624688245177804)
(550,0.15630284387719803)
(551,0.15647182684435015)
(552,0.15660807293296797)
(553,0.15622348136571712)
(554,0.1565301620032894)
(555,0.15621616140661995)
(556,0.15638103299622746)
(557,0.15630551426194983)
(558,0.1561803494771773)
(559,0.15614999800231713)
(560,0.15624495740308017)
(561,0.15637429276958548)
(562,0.15674297778759422)
(563,0.15685033392235626)
(564,0.15658834064823882)
(565,0.15619900592485844)
(566,0.156540569773581)
(567,0.15630893126093748)
(568,0.15647930841716381)
(569,0.1563960494749255)
(570,0.15627175696637763)
(571,0.1562408250035604)
(572,0.1565505364729255)
(573,0.15629618411428403)
(574,0.1565811063427344)
(575,0.15637725699320995)
(576,0.15647583018291508)
(577,0.15677610926107877)
(578,0.15691553509277095)
(579,0.15647846804287002)
(580,0.15641686683611333)
(581,0.15655959151004448)
(582,0.15641288545780313)
(583,0.15651429249730484)
(584,0.1567878384260042)
(585,0.156529606617931)
(586,0.15648884930432555)
(587,0.15640723178158283)
(588,0.15636346735585666)
(589,0.15663132032633525)
(590,0.15641269560362436)
(591,0.15669564726364643)
(592,0.15648446256488777)
(593,0.15657188297624927)
(594,0.15683668514522722)
(595,0.15698585691863473)
(596,0.15653513820707277)
(597,0.15676726514526057)
(598,0.1564710674983661)
(599,0.1566809686724902)
(600,0.15657353724930262)
(601,0.15644222969517918)
(602,0.15653000488676982)
(603,0.15661843946037088)
(604,0.15689779490232808)
(605,0.1570716417389339)
(606,0.15675427559296803)
(607,0.15654605779888528)
(608,0.1567938835900793)
(609,0.15660523533242224)
(610,0.1566793748180801)
(611,0.1569054620588275)
(612,0.15705295686402074)
(613,0.1566054840721179)
(614,0.15694116470046152)
(615,0.15659281834195884)
(616,0.15677792425091597)
(617,0.15667693811824912)
(618,0.1565431712140305)
(619,0.15652608373286103)
(620,0.15673282350855555)
(621,0.15673212909047235)
(622,0.1567805866381967)
(623,0.15673651004976744)
(624,0.15665791245302133)
(625,0.1568945878833889)
(626,0.15672163038084974)
(627,0.15678629389173374)
(628,0.15698332268973378)
(629,0.15713188829085178)
(630,0.15671378221535276)
(631,0.15695899414171485)
(632,0.15668620321012272)
(633,0.15686368751879332)
(634,0.15677858188607569)
(635,0.15664953504206403)
(636,0.15662409565173235)
(637,0.15689237254998745)
(638,0.1567102058354934)
(639,0.15701456251490079)
(640,0.15676881020230946)
(641,0.1568657831602773)
(642,0.15684216532447573)
(643,0.1567872176228257)
(644,0.15685867879083)
(645,0.15708794465355913)
(646,0.15727061163884118)
(647,0.156873577755625)
(648,0.156806376817287)
(649,0.1569961192499895)
(650,0.15682762435961733)
(651,0.15689597192590377)
(652,0.1571009477826711)
(653,0.1568843322900938)
(654,0.15689085130491498)
(655,0.15690777526104036)
(656,0.1569177269278584)
(657,0.15687016136990822)
(658,0.1567709348187131)
(659,0.15680622781289383)
(660,0.15746196003839583)
(661,0.15734910156020498)
(662,0.15695013586029669)
(663,0.15697425672014362)
(664,0.15705379466727576)
(665,0.15711928235021633)
(666,0.15682967349725213)
(667,0.15698113854811546)
(668,0.15693659104171392)
(669,0.15685639160433262)
(670,0.15680813369059493)
(671,0.1570344725734836)
(672,0.15692512105982637)
(673,0.15679461976134504)
(674,0.1567379413767803)
(675,0.15682884358455246)
(676,0.15701282762760924)
(677,0.15689898336176553)
(678,0.15676008512511524)
(679,0.15670482233845454)
(680,0.15684137143573362)
(681,0.1565595095681502)
(682,0.1568670356471336)
(683,0.15652442749012555)
(684,0.15659817988200617)
(685,0.15683929011603193)
(686,0.15658472089492323)
(687,0.15641779926596122)
(688,0.15642474859167987)
(689,0.15643786831995612)
(690,0.15643420806983654)
(691,0.15629873877515577)
(692,0.15609949259898298)
(693,0.15628340766434318)
(694,0.1562947508603989)
(695,0.15631625361828225)
(696,0.15637760351989397)
(697,0.1564155393325898)
(698,0.15622065784059253)
(699,0.1561744609697704)
(700,0.15615380468478735)
(701,0.15619942677780002)
(702,0.15630338465381027)
(703,0.1564281711687772)
(704,0.15637343873375834)
(705,0.1562763877885258)
(706,0.1562429565162176)
(707,0.15658794769114256)
(708,0.15626215724406936)
(709,0.15654218481582843)
(710,0.15634893727145255)
(711,0.15644291726584458)
(712,0.15672677363915458)
(713,0.15685914455802752)
(714,0.15642309672268698)
(715,0.1564603767764424)
(716,0.1564246160134945)
(717,0.15634977209484463)
(718,0.15665220626235626)
(719,0.156361861572365)
(720,0.15651234054028462)
(721,0.15644843293817207)
(722,0.1563411867584585)
(723,0.15630991041661182)
(724,0.1565785333785938)
(725,0.15636731421491332)
(726,0.1566331765814542)
(727,0.15642836912596855)
(728,0.15650796253455893)
(729,0.1567534383237635)
(730,0.15689983000541793)
(731,0.15643716548926856)
(732,0.15663410699480373)
(733,0.15638795291478477)
(734,0.1565826864563888)
(735,0.15647809430098278)
(736,0.15650484816177268)
(737,0.15658163020851648)
(738,0.156670006848996)
(739,0.15645954815428112)
(740,0.1565386094774955)
(741,0.156778073566051)
(742,0.15653936987906256)
(743,0.15652439270831112)
(744,0.15649000951803985)
(745,0.15645619613675135)
(746,0.15655109768500994)
(747,0.15699902258665566)
(748,0.15711789310724794)
(749,0.15713134639501486)
(750,0.15708164169882136)
(751,0.15706517986193624)
(752,0.15684885944458668)
(753,0.15657731851522347)
(754,0.15666606822490803)
(755,0.15663341081209636)
(756,0.15656566805304178)
(757,0.1565317908792765)
(758,0.1567326538225025)
(759,0.15655337215814294)
(760,0.1567824654698955)
(761,0.15662629759573676)
(762,0.1566835810783004)
(763,0.15667671490342192)
(764,0.15665998117562174)
(765,0.15663098194316127)
(766,0.15668783227690675)
(767,0.15671055161753572)
(768,0.15681462162101276)
(769,0.15659890946383315)
(770,0.1568048907245094)
(771,0.1566807528104114)
(772,0.1567179046428546)
(773,0.15682537194449306)
(774,0.15693785852916453)
(775,0.1567001296411415)
(776,0.1567757326930977)
(777,0.15669161159780437)
(778,0.1565815041708381)
(779,0.15657589697880384)
(780,0.15726087839963393)
(781,0.1573414135939253)
(782,0.15736654894756405)
(783,0.15735723613356367)
(784,0.15736120340552237)
(785,0.15736297007271768)
(786,0.15737572156742008)
(787,0.15739599635621201)
(788,0.15739626873994797)
(789,0.15740754000838952)
(790,0.15741330885966828)
(791,0.15741104075510895)
(792,0.15740589853408568)
(793,0.15742534339059444)
(794,0.15742438681800527)
(795,0.15742619113382056)
(796,0.1574540108912924)
(797,0.15746486451038108)
(798,0.15746328584459923)
(799,0.15746056968089128)
(800,0.15747357145131533)
(801,0.15747326545939666)
(802,0.1574786603160456)
(803,0.15751143037356577)
(804,0.15751553196778412)
(805,0.15750906954173186)
(806,0.15750927947512103)
(807,0.1575136422603932)
(808,0.15751814456844943)
(809,0.15751993474310305)
(810,0.15752386295127413)
(811,0.15753675057427088)
(812,0.15755807068107008)
(813,0.15755430569215095)
(814,0.15754269312446267)
(815,0.15753828504699655)
(816,0.1575621528399328)
(817,0.15755643585087975)
(818,0.15755485478358597)
(819,0.1576163930163588)
(820,0.15764918978184042)
(821,0.15762883999535038)
(822,0.15764030177957622)
(823,0.15765776222886316)
(824,0.1576398119397597)
(825,0.15764753102753162)
(826,0.1576618926559555)
(827,0.1576744148946221)
(828,0.1576563783599042)
(829,0.15767053128987102)
(830,0.15767425490086454)
(831,0.15768454210912652)
(832,0.15768741956761714)
(833,0.15768587489173608)
(834,0.15768585382462416)
(835,0.15768306603717966)
(836,0.15769562956562203)
(837,0.15769879358643352)
(838,0.15771978951446686)
(839,0.15771640523274266)
(840,0.15771466513035193)
(841,0.15772057561715078)
(842,0.1577245886462356)
(843,0.15772491073362815)
(844,0.1577321648686929)
(845,0.15773241791640644)
(846,0.15773514384490583)
(847,0.1577482226595507)
(848,0.15774431419667867)
(849,0.15777692997184467)
(850,0.15780145484220606)
(851,0.1578004733281756)
(852,0.15780528041334163)
(853,0.15782965933471457)
(854,0.15782445004039666)
(855,0.15783588907431442)
(856,0.15784745747425197)
(857,0.15786833167901626)
(858,0.15783385470383052)
(859,0.15783828108552508)
(860,0.15784019748944392)
(861,0.15781713748413892)
(862,0.15781129178102835)
(863,0.15781796454384323)
(864,0.15781674819948474)
(865,0.1578179809404012)
(866,0.15782123443664509)
(867,0.15782565419830194)
(868,0.15782647363461727)
(869,0.1577973071372007)
(870,0.15781720718090253)
(871,0.15781782656388058)
(872,0.15782905628966895)
(873,0.15783502176360936)
(874,0.15783720335306103)
(875,0.15784138168412798)
(876,0.15784573947008496)
(877,0.1578473994460311)
(878,0.15784829350663337)
(879,0.15785659845259511)
(880,0.15787288296603283)
(881,0.15787774127011647)
(882,0.1578713855298557)
(883,0.15787151897256954)
(884,0.1578772717252152)
(885,0.1578791334460438)
(886,0.157881550512542)
(887,0.15788262322235727)
(888,0.1578929141134761)
(889,0.15792530578045932)
(890,0.1579181906806873)
(891,0.1579163589049052)
(892,0.1579212412062001)
(893,0.1579348315440479)
(894,0.1579364844390382)
(895,0.15794094031613204)
(896,0.15795635701376942)
(897,0.1579613139640952)
(898,0.15796201228811735)
(899,0.15796617818140224)
(900,0.15798169007230367)
(901,0.15800965812144904)
(902,0.158002637156896)
(903,0.15799648798522897)
(904,0.1579934813460605)
(905,0.1579953139906443)
(906,0.1580025092309848)
(907,0.15801181713698967)
(908,0.15801903702150205)
(909,0.15802803096457688)
(910,0.1580257237417831)
(911,0.15802463191035485)
(912,0.15802526584715385)
(913,0.15802848589438034)
(914,0.15804221558293266)
(915,0.15804214186179497)
(916,0.15804834366082013)
(917,0.15804494078052567)
(918,0.15805521984260143)
(919,0.1580546692190635)
(920,0.15805670147638334)
(921,0.15807649174619498)
(922,0.1580821722999958)
(923,0.15808151193915165)
(924,0.15808072703755657)
(925,0.1580884480124529)
(926,0.15809777927069601)
(927,0.15808875022338215)
(928,0.15809529271509118)
(929,0.15810400428653565)
(930,0.15809466462434124)
(931,0.15809952369334246)
(932,0.1581071012232695)
(933,0.15810823714531388)
(934,0.1581022234787049)
(935,0.1581087406832707)
(936,0.15812651514537224)
(937,0.158113387580787)
(938,0.15811752124006268)
(939,0.15811989867650586)
(940,0.15811924408056438)
(941,0.15812274198315943)
(942,0.158132032803314)
(943,0.1581363539624596)
(944,0.1581370901968338)
(945,0.1581394794341751)
(946,0.15814203809675237)
(947,0.15814560630147895)
(948,0.15814144450363912)
(949,0.1581522562761292)
(950,0.15815114059447105)
(951,0.15815423385536395)
(952,0.1581643636950041)
(953,0.15816336062101127)
(954,0.15816472834611747)
(955,0.15818202995658617)
(956,0.1581748460125682)
(957,0.15819849669217595)
(958,0.1581965239831204)
(959,0.15819496981441444)
(960,0.15820777325262486)
(961,0.15824444089480946)
(962,0.15823639903919168)
(963,0.15824555467622642)
(964,0.15824398548259044)
(965,0.1582488162153306)
(966,0.15825112032712232)
(967,0.15824590046902628)
(968,0.1582528702398554)
(969,0.15825292116222564)
(970,0.15826623949240526)
(971,0.15826035586734646)
(972,0.158262461955145)
(973,0.158262754898259)
(974,0.1582624064383597)
(975,0.15826017926698693)
(976,0.15826133644199697)
(977,0.15826349042753116)
(978,0.1582655900521285)
(979,0.15826309360204943)
(980,0.1582397175452838)
(981,0.158256672159517)
(982,0.15825863119416597)
(983,0.15825702146732287)
(984,0.15825510571586435)
(985,0.15827263981359369)
(986,0.1582559895471734)
(987,0.15826986801569856)
(988,0.15826464055586026)
(989,0.15828290537014963)
(990,0.15828408244045322)
(991,0.15828449769911695)
(992,0.15828517095083391)
(993,0.15829108817663404)
(994,0.1582946154937415)
(995,0.15829605726851478)
(996,0.15829775828222234)
(997,0.15830349332966034)
(998,0.15832387413611393)
(999,0.1583239641494528)
(1000,0.15832428522147632)

best val error :0.15497117751467424
