(1,1.3044880223744695)
(2,0.901630694886244)
(3,0.7508509492520422)
(4,0.6715635454325218)
(5,0.6170994587791309)
(6,0.5712993055818237)
(7,0.5263921058558874)
(8,0.47965273137833825)
(9,0.4326965192380605)
(10,0.3856042055732779)
(11,0.33706330540309276)
(12,0.3126324821994401)
(13,0.2655044164076415)
(14,0.25095311594330066)
(15,0.22880462814329386)
(16,0.21178080222496878)
(17,0.1925390097808752)
(18,0.17641114471693511)
(19,0.15713943986079157)
(20,0.14763355854474058)
(21,0.13819504084727402)
(22,0.13366370252042095)
(23,0.12762373154609)
(24,0.12359851041618833)
(25,0.12010276306972778)
(26,0.11833875225543913)
(27,0.11491209186471395)
(28,0.10958355205678286)
(29,0.10569748618907789)
(30,0.10160765335967133)
(31,0.09931154323057859)
(32,0.09842663827739256)
(33,0.09670604707308482)
(34,0.09428393954511392)
(35,0.09236429036641976)
(36,0.0899531937162037)
(37,0.08874270951182579)
(38,0.08752314979751581)
(39,0.085458931319359)
(40,0.08473026938698369)
(41,0.08333810338569028)
(42,0.08189790205999546)
(43,0.08003695502153392)
(44,0.0792570817760976)
(45,0.07866832237752018)
(46,0.07824716664983877)
(47,0.07781272799772322)
(48,0.07712455554495366)
(49,0.07671552930433131)
(50,0.07636669160899148)
(51,0.07575687458591439)
(52,0.07547763285291811)
(53,0.0749862827610042)
(54,0.0742391688793474)
(55,0.07269771670341359)
(56,0.07170796893315694)
(57,0.06995377537447331)
(58,0.06950884716987625)
(59,0.06904578643396272)
(60,0.0684243827188475)
(61,0.068153080255429)
(62,0.06798385408148025)
(63,0.06749309226354196)
(64,0.06731459326250108)
(65,0.06706173825656978)
(66,0.06657357360472278)
(67,0.06526010679587088)
(68,0.06484109985864153)
(69,0.06457592783596523)
(70,0.06436190105473474)
(71,0.06409395740585735)
(72,0.06372888827398268)
(73,0.0635559673963054)
(74,0.06320106963241347)
(75,0.06287487041821894)
(76,0.06253377451778114)
(77,0.0622606900178668)
(78,0.062010245820985195)
(79,0.061884793537082594)
(80,0.06161076643094271)
(81,0.06115914415708404)
(82,0.060951991790666474)
(83,0.06075691879007503)
(84,0.060456302507490435)
(85,0.06008068537584304)
(86,0.05979390131365673)
(87,0.059630942317336635)
(88,0.059519989710938574)
(89,0.059290283657524326)
(90,0.0588750764241161)
(91,0.05803931054914524)
(92,0.05775736612936742)
(93,0.057562923440750625)
(94,0.05741127331314472)
(95,0.05730206679039356)
(96,0.057094552619750064)
(97,0.056753755276179)
(98,0.056220436064526175)
(99,0.0554852259610989)
(100,0.05470049397717375)
(101,0.05440866766208509)
(102,0.054270645451955486)
(103,0.05408770961816846)
(104,0.053902033419391794)
(105,0.05381820574188645)
(106,0.05362598252481603)
(107,0.053301915956776795)
(108,0.05294340517934048)
(109,0.05271930945599641)
(110,0.05256302079007695)
(111,0.05229512736012349)
(112,0.05221746111569364)
(113,0.05203858651399288)
(114,0.05177259880621176)
(115,0.051610441849468405)
(116,0.05150560038196896)
(117,0.05143222383634915)
(118,0.051314831841385175)
(119,0.05116610583842381)
(120,0.05103964562238156)
(121,0.049940464277203216)
(122,0.04976935965573835)
(123,0.04948658554576716)
(124,0.04938321207888421)
(125,0.049320748014881295)
(126,0.04920023174021979)
(127,0.04913900371420507)
(128,0.04899997118137823)
(129,0.048772613723003774)
(130,0.0485658698996735)
(131,0.04823616755406152)
(132,0.047821987695014216)
(133,0.04714037878435558)
(134,0.04689179721092781)
(135,0.046668565498985994)
(136,0.046554807733819294)
(137,0.04650620134528377)
(138,0.046420625076113595)
(139,0.04636369586846315)
(140,0.04625368968181143)
(141,0.04608544675072519)
(142,0.045980681587450646)
(143,0.04592587885979561)
(144,0.045803101599787385)
(145,0.04556990463140996)
(146,0.04518459170538755)
(147,0.04510092468294977)
(148,0.044977204789996554)
(149,0.044936215442668265)
(150,0.04486207148775487)
(151,0.044812196637948845)
(152,0.044707357941289924)
(153,0.04457061612602019)
(154,0.044448477555911664)
(155,0.0443901146590595)
(156,0.044260467534975576)
(157,0.0441353729246653)
(158,0.04404147392658505)
(159,0.043924469628385324)
(160,0.04383970462930975)
(161,0.043795986176939375)
(162,0.043714412385732)
(163,0.0435516283492479)
(164,0.043405585762492684)
(165,0.04323443143491622)
(166,0.04313059895346344)
(167,0.043070796034925446)
(168,0.04295529949951125)
(169,0.04276623543674951)
(170,0.0426777419948963)
(171,0.042616344740198084)
(172,0.04256967929501698)
(173,0.042507994252348594)
(174,0.04242509242444261)
(175,0.04238387750930509)
(176,0.04234092998278303)
(177,0.042260561869682904)
(178,0.042228827839980075)
(179,0.042162769608770266)
(180,0.04202971689543327)
(181,0.041792773981075546)
(182,0.0416160788551155)
(183,0.04141696062775279)
(184,0.04134903526000067)
(185,0.04131436591008399)
(186,0.04125336512660952)
(187,0.04120958490154225)
(188,0.04118551403768547)
(189,0.04112673098334177)
(190,0.04101600140746402)
(191,0.040831927765791066)
(192,0.04061676615091753)
(193,0.040499452246960846)
(194,0.040465690189898616)
(195,0.0404030259790261)
(196,0.040268524503878134)
(197,0.04001047611498988)
(198,0.03993712478053983)
(199,0.03988130260553642)
(200,0.039835754477601626)
(201,0.03980388795858865)
(202,0.03973515306432748)
(203,0.039670389503547655)
(204,0.03954449864308857)
(205,0.039500526116131585)
(206,0.03946979214683132)
(207,0.03941616623876744)
(208,0.039375275807332265)
(209,0.03930293172129028)
(210,0.03925788658408613)
(211,0.03923086967506844)
(212,0.039168519254225174)
(213,0.03905709253580394)
(214,0.03894153380078019)
(215,0.03879712426470433)
(216,0.0387600465946419)
(217,0.03870542765299897)
(218,0.038653561123780204)
(219,0.03845944063269628)
(220,0.038409978868001696)
(221,0.038345493478736205)
(222,0.03829348079054001)
(223,0.038226845351862784)
(224,0.038153356186314345)
(225,0.038116263352892886)
(226,0.038040463182593985)
(227,0.037960256468334855)
(228,0.0378358837021711)
(229,0.037786455463261266)
(230,0.0377570383260711)
(231,0.037687563213306144)
(232,0.03765837741452338)
(233,0.037589851220936166)
(234,0.03747853864923146)
(235,0.03742143004799375)
(236,0.03737745778135315)
(237,0.0373497172910852)
(238,0.037291093212745534)
(239,0.03718730103345335)
(240,0.037021760599210925)
(241,0.03692685001232727)
(242,0.03689440441150644)
(243,0.03686668849818271)
(244,0.036798376563774264)
(245,0.036772386471672504)
(246,0.036723685501540905)
(247,0.03663168924286473)
(248,0.03644780539290905)
(249,0.03639037174009261)
(250,0.03634574514160811)
(251,0.03630883692313081)
(252,0.03628716629633046)
(253,0.03624324091192291)
(254,0.03617162334603451)
(255,0.036104890832923585)
(256,0.03601063837014755)
(257,0.035967700005743)
(258,0.03592611018502113)
(259,0.03591339625898926)
(260,0.03588786469709698)
(261,0.03586302483492878)
(262,0.0358215450605516)
(263,0.03580544482671971)
(264,0.035771142402825036)
(265,0.0357554001653939)
(266,0.03571819932819506)
(267,0.03564937625198008)
(268,0.03554018899749971)
(269,0.035453165994360776)
(270,0.03532484223498784)
(271,0.035298088427713946)
(272,0.03527987367081696)
(273,0.03525299653854996)
(274,0.03522908430330158)
(275,0.03518596810610399)
(276,0.03510935101594886)
(277,0.03507587073335929)
(278,0.03504026821246845)
(279,0.03497613792324715)
(280,0.034951938256087514)
(281,0.03491267865006427)
(282,0.03486995741443016)
(283,0.03484915044257224)
(284,0.034816671990522546)
(285,0.03478177422420841)
(286,0.03469133757210582)
(287,0.03466275312931746)
(288,0.03461115624517589)
(289,0.034573169627998016)
(290,0.03455018703884324)
(291,0.03451721838312183)
(292,0.03448031349940784)
(293,0.03446297132387687)
(294,0.03442712607293687)
(295,0.03435524380997892)
(296,0.034224803695121896)
(297,0.03410672741761722)
(298,0.03398690286755307)
(299,0.0339608513570695)
(300,0.033942351407155805)
(301,0.03391060183714182)
(302,0.033884367452324725)
(303,0.03386929035122661)
(304,0.033838910794144667)
(305,0.03382123832905946)
(306,0.03378354553901039)
(307,0.03373230607428277)
(308,0.03368770028235163)
(309,0.033668196173545474)
(310,0.03362650419796636)
(311,0.03354545210942274)
(312,0.033402747383151375)
(313,0.03324720520094802)
(314,0.03314996171588608)
(315,0.033102566222313445)
(316,0.033076059472418394)
(317,0.03304788869180198)
(318,0.033026393254380816)
(319,0.03289551503087438)
(320,0.032806516734083316)
(321,0.03275390129838028)
(322,0.03273179928109624)
(323,0.03269702128882052)
(324,0.032675268877814585)
(325,0.03265401742678714)
(326,0.03262103184703516)
(327,0.03260727721129098)
(328,0.032577685021235196)
(329,0.03253092433611566)
(330,0.032435603380620646)
(331,0.032393651575117144)
(332,0.03236725750344911)
(333,0.032348635462321515)
(334,0.03231781684939689)
(335,0.03228930066818372)
(336,0.03227388639736112)
(337,0.032245776653436746)
(338,0.03221047944642016)
(339,0.03209182451053094)
(340,0.032040895376222914)
(341,0.03201114876512424)
(342,0.031988726835560755)
(343,0.03197370907480717)
(344,0.031941818743433666)
(345,0.031898390350508225)
(346,0.03185115011666967)
(347,0.03182105355438897)
(348,0.03179923863145407)
(349,0.03175743347495762)
(350,0.03171566403409245)
(351,0.031679058833705295)
(352,0.031655934811726134)
(353,0.03164189378043866)
(354,0.03161203611417138)
(355,0.031565513645549055)
(356,0.03153435147915913)
(357,0.03151175219089902)
(358,0.031498658355815154)
(359,0.03146904784859827)
(360,0.03141923807661069)
(361,0.03135347379312762)
(362,0.03129508171130187)
(363,0.031270687256503345)
(364,0.031253361190013595)
(365,0.031219467579400993)
(366,0.03119736315063264)
(367,0.031182902923734122)
(368,0.031164768045422963)
(369,0.031139181254833864)
(370,0.031126478671308917)
(371,0.03111032009106598)
(372,0.031094805907667465)
(373,0.03100641475121008)
(374,0.03096078619240565)
(375,0.03094834173067795)
(376,0.030934865945311155)
(377,0.030903910943722395)
(378,0.030808702863323566)
(379,0.03078489347655802)
(380,0.030764495545945958)
(381,0.030742253105564978)
(382,0.030731591662588088)
(383,0.030707361940455175)
(384,0.030672044859697815)
(385,0.030643170542489887)
(386,0.03062977211280084)
(387,0.0306094940550056)
(388,0.03058563589905904)
(389,0.03057419642217357)
(390,0.030557208414107116)
(391,0.03053697841165405)
(392,0.030487802541543534)
(393,0.030472206727452256)
(394,0.030448757558077515)
(395,0.03042411290536216)
(396,0.030411378015862155)
(397,0.030396582955050357)
(398,0.03037297630392304)
(399,0.030363208263362598)
(400,0.03034425195886509)
(401,0.030308350673827488)
(402,0.030232131147704174)
(403,0.03020653373295577)
(404,0.03018740892985954)
(405,0.030173477629347658)
(406,0.030163762791867527)
(407,0.03014244344512353)
(408,0.030106331922951576)
(409,0.03005458997110496)
(410,0.03002633691479106)
(411,0.03000839056706401)
(412,0.02999798993017019)
(413,0.029981938289584578)
(414,0.029972391627175833)
(415,0.029952996175025236)
(416,0.029929765101936227)
(417,0.029906685819711017)
(418,0.029896794012577815)
(419,0.02987631436508068)
(420,0.029835475139749386)
(421,0.029764714202022896)
(422,0.02965562462143844)
(423,0.029623964404007327)
(424,0.029607702020802363)
(425,0.029596989218619252)
(426,0.02957746782305337)
(427,0.029556256160489097)
(428,0.029516101343189424)
(429,0.029499942655362866)
(430,0.029489906684777658)
(431,0.029467428875440654)
(432,0.0294564154185345)
(433,0.029437448424966907)
(434,0.02942124647882941)
(435,0.02941262912807797)
(436,0.02939514883185313)
(437,0.02936234349451507)
(438,0.029294929186280145)
(439,0.029271312667616546)
(440,0.029254531111603227)
(441,0.02924182789320443)
(442,0.029210767297002838)
(443,0.02916727660063968)
(444,0.029156310774909242)
(445,0.029147256145593194)
(446,0.029124903705354217)
(447,0.029114522746139078)
(448,0.029108123544258877)
(449,0.02908715865810625)
(450,0.029079555966607017)
(451,0.029066810500900202)
(452,0.029048811247512445)
(453,0.028983870351028625)
(454,0.02896657965931836)
(455,0.02895150775213553)
(456,0.028941142536473816)
(457,0.028926750223630778)
(458,0.028908500237442337)
(459,0.02890002502505637)
(460,0.02888567086184515)
(461,0.02886071659779572)
(462,0.028833980786986773)
(463,0.028781344873010605)
(464,0.028770591145538715)
(465,0.028762819143840823)
(466,0.028747791398466185)
(467,0.028739649124880955)
(468,0.02873191685889267)
(469,0.02871697787948892)
(470,0.02871135576362486)
(471,0.028697536400400805)
(472,0.028673248466437522)
(473,0.02864560731879923)
(474,0.028619169923309172)
(475,0.028607641256873505)
(476,0.028581305516462697)
(477,0.028569388671771456)
(478,0.02855511261364719)
(479,0.02853057495341054)
(480,0.028520269000202794)
(481,0.028512396765640203)
(482,0.02848817994657717)
(483,0.02847913543816374)
(484,0.028472189850112958)
(485,0.028452123798038867)
(486,0.02844497273637023)
(487,0.028432972949036867)
(488,0.028408786063963756)
(489,0.02835738981745174)
(490,0.028335429107451064)
(491,0.028321722873051194)
(492,0.02831123933252055)
(493,0.02830438824414737)
(494,0.02828893894274809)
(495,0.028260249659063447)
(496,0.028208847302131548)
(497,0.028126022467438037)
(498,0.028103691677766253)
(499,0.028091041475651304)
(500,0.028082517944971297)
(501,0.028063413649148602)
(502,0.02802738023205135)
(503,0.027971416037943557)
(504,0.02789357094093881)
(505,0.02782511253528051)
(506,0.02780284360602497)
(507,0.02779152429540857)
(508,0.02776449214241953)
(509,0.027753456381527448)
(510,0.027729866138923004)
(511,0.02771453409564409)
(512,0.027705147966459107)
(513,0.027684146579467068)
(514,0.027651245364682144)
(515,0.027635458732156566)
(516,0.02762622679549225)
(517,0.027609279171503538)
(518,0.027587216030437955)
(519,0.02755828659223076)
(520,0.027543144409497122)
(521,0.027534583211505037)
(522,0.02752058125370061)
(523,0.02750042348058959)
(524,0.027477226069046245)
(525,0.02745931444949664)
(526,0.027449600070831037)
(527,0.027437731523483062)
(528,0.02742340562760975)
(529,0.02741692755628412)
(530,0.027404883395678797)
(531,0.027386087596986467)
(532,0.027349508603281187)
(533,0.02732292233515858)
(534,0.027315829342278986)
(535,0.027309378049303393)
(536,0.02729317826096791)
(537,0.027244088129843403)
(538,0.027223564773966)
(539,0.02720983343609347)
(540,0.027198401797295255)
(541,0.02719233299703043)
(542,0.027179025441454563)
(543,0.02715531954406465)
(544,0.027118353934910598)
(545,0.027080477515455923)
(546,0.02703782159568662)
(547,0.027016893182145302)
(548,0.027007269974844445)
(549,0.026991413145728355)
(550,0.026980787347696097)
(551,0.02697347458812441)
(552,0.026955594199168417)
(553,0.026911178295591257)
(554,0.02683573325967758)
(555,0.026787498111682812)
(556,0.026764589557368466)
(557,0.026753307135418257)
(558,0.0267356712034783)
(559,0.026720795509377886)
(560,0.026712609637513655)
(561,0.026702727371848065)
(562,0.02669097272910788)
(563,0.026685575783450526)
(564,0.026674819883508866)
(565,0.026659362071504905)
(566,0.026630884639628056)
(567,0.02660616909355279)
(568,0.026594275986852503)
(569,0.026586740814406158)
(570,0.026576465124452008)
(571,0.026564218317326745)
(572,0.026556976545004215)
(573,0.026554292026548573)
(574,0.026538793091366735)
(575,0.026532912223216992)
(576,0.026526770237728897)
(577,0.026516645323634215)
(578,0.02651255160331522)
(579,0.026503574195868587)
(580,0.0264879975817587)
(581,0.026455960586987116)
(582,0.026440416094313374)
(583,0.026409429549930877)
(584,0.02639983068070835)
(585,0.026393377492604186)
(586,0.026380583428044037)
(587,0.02637549065367363)
(588,0.026364173771605277)
(589,0.026346092755522375)
(590,0.026331953042069763)
(591,0.026301115286350776)
(592,0.026289921588873475)
(593,0.026283519623253544)
(594,0.026268450660900063)
(595,0.026242896163590008)
(596,0.02623196434516849)
(597,0.02622205970234261)
(598,0.02621537424994372)
(599,0.026208914000813235)
(600,0.02619566280822944)
(601,0.026189955815974712)
(602,0.026182488424572155)
(603,0.02617415712565267)
(604,0.026164344411151202)
(605,0.026154262310275553)
(606,0.026148364158851897)
(607,0.02614329001853654)
(608,0.02613243091504011)
(609,0.026128016117719)
(610,0.026120655305245367)
(611,0.026112080519159083)
(612,0.026073660851734404)
(613,0.026065300849693752)
(614,0.02605538653513163)
(615,0.026048232743477902)
(616,0.02604406028071082)
(617,0.02603485408948821)
(618,0.026017297531359458)
(619,0.02598439671360542)
(620,0.025952305169503618)
(621,0.025927849153667346)
(622,0.025918013588286062)
(623,0.02591298620866384)
(624,0.025905408195602456)
(625,0.025897683554807586)
(626,0.02589392171544988)
(627,0.02588563258222981)
(628,0.02587021036021712)
(629,0.025840555096110798)
(630,0.02581139207135463)
(631,0.02579023973702939)
(632,0.025781612524801944)
(633,0.0257770308454539)
(634,0.025768882268080138)
(635,0.025763236238792883)
(636,0.025759041635402723)
(637,0.025749744258328183)
(638,0.025748980948104294)
(639,0.0257343714620711)
(640,0.025727894599650317)
(641,0.025724647316064244)
(642,0.02571711262011952)
(643,0.025707473804711115)
(644,0.02569870492445875)
(645,0.025694750905624866)
(646,0.0256870340363905)
(647,0.02567266441841865)
(648,0.0256503803229054)
(649,0.025612204912575855)
(650,0.025597649803229233)
(651,0.025580649692125618)
(652,0.02557554649693782)
(653,0.025567640337876688)
(654,0.02555903601908525)
(655,0.02555553965975176)
(656,0.025548311396699473)
(657,0.025537274502322405)
(658,0.025517800446069785)
(659,0.02550388578155872)
(660,0.02549616867784498)
(661,0.025491404551094103)
(662,0.025479970725522008)
(663,0.02546773745147648)
(664,0.025456261522137043)
(665,0.025448432078989846)
(666,0.02544389591036562)
(667,0.025434166423354193)
(668,0.02542033895417355)
(669,0.025411535504106048)
(670,0.025403071287826023)
(671,0.02539900536361999)
(672,0.02538981656013849)
(673,0.02537426562621488)
(674,0.025365974707674585)
(675,0.0253610607048485)
(676,0.025351749895036284)
(677,0.025344287527523882)
(678,0.0253399779594914)
(679,0.025333931837507855)
(680,0.02532617043541321)
(681,0.025322626368101103)
(682,0.025315998403386678)
(683,0.025303524121048804)
(684,0.02528224570474074)
(685,0.02525084302647896)
(686,0.025237404906091516)
(687,0.02522454584774969)
(688,0.025218062105171853)
(689,0.02521504555729761)
(690,0.025208348073142182)
(691,0.025198162242220868)
(692,0.025180320411127163)
(693,0.02517176690620899)
(694,0.02516434890251449)
(695,0.025160521322695906)
(696,0.02515190990809265)
(697,0.02514714323986097)
(698,0.02514407701710916)
(699,0.02513687863241402)
(700,0.02512362875493984)
(701,0.0251030051669745)
(702,0.02507681550447542)
(703,0.025062366159711916)
(704,0.02505351584754892)
(705,0.025049266261682395)
(706,0.02504200975870132)
(707,0.025036269757215915)
(708,0.025033461377715012)
(709,0.025027121852060883)
(710,0.025015913093430788)
(711,0.025011911116204422)
(712,0.02499685135486242)
(713,0.024982813217904656)
(714,0.024974889545839915)
(715,0.024965425049190738)
(716,0.024956690378672687)
(717,0.024951937910864187)
(718,0.024949358537373033)
(719,0.024943183347497806)
(720,0.024932754344329195)
(721,0.02492782774120542)
(722,0.024924766059200715)
(723,0.024918123559347607)
(724,0.024906800085276775)
(725,0.024899509923283828)
(726,0.0248956892502324)
(727,0.02488762609865044)
(728,0.024870631916625703)
(729,0.02484219146670502)
(730,0.024838288936716614)
(731,0.024828037210873125)
(732,0.0248212935786667)
(733,0.024816064333224686)
(734,0.024813108398899227)
(735,0.024806065434266212)
(736,0.02479595617688293)
(737,0.02478854870672411)
(738,0.024784619464450146)
(739,0.024780666147240966)
(740,0.024772431613825446)
(741,0.024769015094633563)
(742,0.024765060965969282)
(743,0.024758509901588503)
(744,0.024755845121192027)
(745,0.02475042069013034)
(746,0.024739614193840385)
(747,0.024718277389140213)
(748,0.024711782875822024)
(749,0.024706993354881298)
(750,0.02469732988296486)
(751,0.02469076800313831)
(752,0.02468636615528208)
(753,0.024683862561957922)
(754,0.024674644325854048)
(755,0.024669097898948923)
(756,0.02466649363954258)
(757,0.024660528390369488)
(758,0.02465239593463079)
(759,0.024645275226378435)
(760,0.024641808667228496)
(761,0.024637684909105614)
(762,0.024631073767827232)
(763,0.024628215935690218)
(764,0.024623390693893764)
(765,0.024614648463137743)
(766,0.024594608892284035)
(767,0.024581694368885472)
(768,0.024563026192132454)
(769,0.024553643470969486)
(770,0.024548473373257166)
(771,0.024541243763639323)
(772,0.024535886821296257)
(773,0.02453346622459734)
(774,0.024527946921012924)
(775,0.024517722673127563)
(776,0.024501424554320618)
(777,0.024494134354004157)
(778,0.024484165295944365)
(779,0.024474967171872964)
(780,0.02446935232024026)
(781,0.024464874583765863)
(782,0.024461972475105367)
(783,0.024456284737061525)
(784,0.02445246772690405)
(785,0.024450223113535324)
(786,0.024444702951971445)
(787,0.024434910886757005)
(788,0.024422182427822767)
(789,0.024411855080197675)
(790,0.024407434764805704)
(791,0.024398196727114255)
(792,0.02437959943847709)
(793,0.024372918409044615)
(794,0.024366466714865767)
(795,0.02436145815555635)
(796,0.024358076837932938)
(797,0.024354575073907155)
(798,0.02435116542970748)
(799,0.024318642891573625)
(800,0.024312213692479163)
(801,0.02430428691667977)
(802,0.024302054289531975)
(803,0.02429715385323916)
(804,0.024292093806996994)
(805,0.02428453831015632)
(806,0.02428144624312201)
(807,0.024278886419491434)
(808,0.024272414133102965)
(809,0.024270042264690567)
(810,0.024265635205318502)
(811,0.02425684959660708)
(812,0.024239066888730208)
(813,0.024222972663622833)
(814,0.024208323916022137)
(815,0.02420274991715036)
(816,0.024200135096379458)
(817,0.024196221812588344)
(818,0.024192068964105126)
(819,0.024190122001129192)
(820,0.02418537761215998)
(821,0.024176444181304685)
(822,0.024162226559651046)
(823,0.02415657624445731)
(824,0.024152968894819216)
(825,0.02414597186656635)
(826,0.024140470475622344)
(827,0.024137244715836392)
(828,0.024133399137786223)
(829,0.024127015200195355)
(830,0.02412408993302716)
(831,0.024121322178173785)
(832,0.024115310614317438)
(833,0.024112977117959154)
(834,0.024108876402270753)
(835,0.02410098851698678)
(836,0.02408294160216062)
(837,0.024076588505566432)
(838,0.024072315458496377)
(839,0.024068815994573705)
(840,0.024066547561000063)
(841,0.024061300331032025)
(842,0.024051228021257313)
(843,0.02403282834870364)
(844,0.024027278724485977)
(845,0.02402206840785262)
(846,0.02401238158450709)
(847,0.024003735467291346)
(848,0.023999723693597385)
(849,0.0239965422578246)
(850,0.023992879174052635)
(851,0.023987955840963308)
(852,0.023985460293912384)
(853,0.023976793908451578)
(854,0.023973866056057242)
(855,0.023969283965175656)
(856,0.02396499421468164)
(857,0.023962764914646474)
(858,0.0239577774918071)
(859,0.0239529393803939)
(860,0.023945240390878156)
(861,0.02394193991319867)
(862,0.023939792871987973)
(863,0.023935044579477302)
(864,0.023932676798331283)
(865,0.023927318065249188)
(866,0.023920784771778628)
(867,0.023913768899635153)
(868,0.0239104663644654)
(869,0.02390822134632606)
(870,0.02390329160286577)
(871,0.023900695079903785)
(872,0.023895634022724627)
(873,0.02389244394282799)
(874,0.023887088181979498)
(875,0.023883008318612783)
(876,0.023880541796651257)
(877,0.023876249521028004)
(878,0.02387066809387682)
(879,0.023861626344656498)
(880,0.02384637737490605)
(881,0.023843131192416343)
(882,0.023841119266052153)
(883,0.023836899262831477)
(884,0.023834753283182214)
(885,0.023830907706964072)
(886,0.023825872260856164)
(887,0.02382087497609869)
(888,0.023813237505517185)
(889,0.023808895921989228)
(890,0.023805883403631156)
(891,0.023802579878730426)
(892,0.02379708991226123)
(893,0.023794560887278025)
(894,0.023791370773510807)
(895,0.023786979156109573)
(896,0.023785115108851805)
(897,0.02378082310636734)
(898,0.02377291036147729)
(899,0.02375815045594728)
(900,0.023743311709484367)
(901,0.023732039379588992)
(902,0.023725777487183998)
(903,0.0237193130225163)
(904,0.023715749152566582)
(905,0.02371349294893403)
(906,0.023708476741597005)
(907,0.02369947327846734)
(908,0.023680439824445274)
(909,0.0236745795918653)
(910,0.023661556027410078)
(911,0.02365478995339643)
(912,0.023649481349382495)
(913,0.023645410410906034)
(914,0.023642400188782175)
(915,0.023637181232088845)
(916,0.02363130411374652)
(917,0.023622985600910893)
(918,0.02361427359117949)
(919,0.023610604373265332)
(920,0.023606292233953007)
(921,0.023600349039370982)
(922,0.023597728141823794)
(923,0.023592551751933633)
(924,0.023583191247216383)
(925,0.023569720622189018)
(926,0.02355050799994626)
(927,0.02353265253047135)
(928,0.023526089537689383)
(929,0.023522693646428727)
(930,0.02351542416656804)
(931,0.02351101117468103)
(932,0.023508778485836605)
(933,0.023503859435914567)
(934,0.023495581579519198)
(935,0.023490828624794666)
(936,0.02348818260295536)
(937,0.023482581839509995)
(938,0.023471359283854742)
(939,0.023451069870241814)
(940,0.023434620437874355)
(941,0.02341825463965198)
(942,0.023411808321247122)
(943,0.02340855748712242)
(944,0.023406520121178775)
(945,0.02340169499565963)
(946,0.023392770802622257)
(947,0.02338260934848034)
(948,0.023374800562981465)
(949,0.023363091727240954)
(950,0.023355762439941356)
(951,0.023350165416597964)
(952,0.023346410683940156)
(953,0.023343604673731755)
(954,0.023338211091151754)
(955,0.023334728203338078)
(956,0.02332865952396665)
(957,0.023324562684585066)
(958,0.023322073874107)
(959,0.02331710537036179)
(960,0.023309256368394912)
(961,0.023296387499900977)
(962,0.0232857275539853)
(963,0.023282882314098027)
(964,0.023280214023345163)
(965,0.023273908151367047)
(966,0.023252074334639862)
(967,0.02324505772009376)
(968,0.023240407969354122)
(969,0.023236965128238373)
(970,0.023233489306332428)
(971,0.023227236421997942)
(972,0.023223609316153488)
(973,0.023221648920486948)
(974,0.02321696334543388)
(975,0.023210088004022147)
(976,0.02320508410151083)
(977,0.023202473756805328)
(978,0.023198289466381035)
(979,0.02319212089047582)
(980,0.023182837477025927)
(981,0.02317946452641005)
(982,0.02317555051540686)
(983,0.023165014079463305)
(984,0.023139676750333557)
(985,0.023130907612324947)
(986,0.023127515183781134)
(987,0.02312150656944035)
(988,0.023111573483720775)
(989,0.023103039832469217)
(990,0.023097529176729765)
(991,0.023093724545388182)
(992,0.023091497943530985)
(993,0.02308607873708431)
(994,0.023075762855989546)
(995,0.023058375234708717)
(996,0.023039931564854718)
(997,0.023032866781755007)
(998,0.023020809578578775)
(999,0.023014863481241866)
(1000,0.02300918649180209)
(1,1.3302313794129854)
(2,0.9267883367540152)
(3,0.7735554574526289)
(4,0.6932245091236001)
(5,0.6394563243414165)
(6,0.5949668991016392)
(7,0.5529253665587525)
(8,0.5078217584755054)
(9,0.4610926674820062)
(10,0.41689385897445175)
(11,0.3691927828552431)
(12,0.3530683658181566)
(13,0.31664177572313995)
(14,0.3059813271493277)
(15,0.2887567301751696)
(16,0.27627160331770173)
(17,0.25454844483827643)
(18,0.23944089392281903)
(19,0.22256212143287998)
(20,0.2117522355560449)
(21,0.2028269127194528)
(22,0.20030445902111088)
(23,0.19495214693355653)
(24,0.19016265525411738)
(25,0.18832948780676118)
(26,0.18748682024464924)
(27,0.1858636259210897)
(28,0.18133909809229953)
(29,0.17568450694906287)
(30,0.1745704178967578)
(31,0.1739629403678995)
(32,0.17360827798175332)
(33,0.1723238523552121)
(34,0.17077674661136916)
(35,0.1700700768302606)
(36,0.1688171535901345)
(37,0.16868116849426026)
(38,0.16895932062231103)
(39,0.16749199153194116)
(40,0.16717301179942357)
(41,0.16644971672560738)
(42,0.16667742964638171)
(43,0.16464984061448226)
(44,0.16373218479300686)
(45,0.1641107934936463)
(46,0.16374528459930163)
(47,0.16268037283030015)
(48,0.16335556153595246)
(49,0.1630716767155462)
(50,0.16226222937206775)
(51,0.1627869896565135)
(52,0.16257211590235238)
(53,0.16202368557290603)
(54,0.16122576604150657)
(55,0.1606406229299098)
(56,0.16121915959308994)
(57,0.16076631421044196)
(58,0.16086054643196732)
(59,0.161132613323885)
(60,0.1599684942121539)
(61,0.16034066370052674)
(62,0.16118610094496405)
(63,0.1600262222546783)
(64,0.16021031546260056)
(65,0.160588972063929)
(66,0.16066074885920706)
(67,0.1597641954552459)
(68,0.15921850917742678)
(69,0.15948914535345995)
(70,0.15927567048611752)
(71,0.15885731268214218)
(72,0.15928945490468027)
(73,0.15920529019652072)
(74,0.15913928599952307)
(75,0.15936777559256587)
(76,0.15887301849356186)
(77,0.15924207321221964)
(78,0.1590213776468194)
(79,0.15893621468732724)
(80,0.15882066691612728)
(81,0.15843030144498502)
(82,0.15851792559178274)
(83,0.15907375802376164)
(84,0.15884057499555787)
(85,0.15821053051233594)
(86,0.15852894176881077)
(87,0.15828370467712974)
(88,0.15834483101396757)
(89,0.15848381996396146)
(90,0.15859259121123126)
(91,0.15827951163323206)
(92,0.15769279416790966)
(93,0.15803681493447863)
(94,0.15776572117336154)
(95,0.15786596771360126)
(96,0.15808711312854368)
(97,0.15833306896429059)
(98,0.15825044655575438)
(99,0.15640742775362734)
(100,0.15789413619583564)
(101,0.1574397096854236)
(102,0.15740873651240245)
(103,0.15723010824103711)
(104,0.15735027089721038)
(105,0.1573558260238721)
(106,0.15736404727009357)
(107,0.15740986936235934)
(108,0.15760301500524013)
(109,0.15707461936535247)
(110,0.15767972457412152)
(111,0.1572786723552266)
(112,0.15726120723045195)
(113,0.15719595020574031)
(114,0.15691214475678425)
(115,0.15721605073979567)
(116,0.15698911454768513)
(117,0.15706227000284612)
(118,0.15723699992844956)
(119,0.15751551107189854)
(120,0.15759618526109462)
(121,0.15662542629673415)
(122,0.1575431226535056)
(123,0.15683167096452577)
(124,0.15705918682230985)
(125,0.15699435271600065)
(126,0.15678795867525175)
(127,0.1568116505523557)
(128,0.15688420293381533)
(129,0.15703564310011006)
(130,0.1571996276587217)
(131,0.15705270763104762)
(132,0.15569519998821518)
(133,0.15729512458757067)
(134,0.15630433347173997)
(135,0.15704143698832712)
(136,0.15682997314694297)
(137,0.1568083237663026)
(138,0.15671596995190595)
(139,0.15668300642095107)
(140,0.15665462670573505)
(141,0.156775656061746)
(142,0.15678994684439207)
(143,0.1567540044026884)
(144,0.15669552053265715)
(145,0.1566997213711791)
(146,0.15657971371723406)
(147,0.15678341188885606)
(148,0.15663891275226527)
(149,0.15667133240485745)
(150,0.15679177992886575)
(151,0.156781246059894)
(152,0.15671245514801868)
(153,0.15649770834465412)
(154,0.15659973030965632)
(155,0.15663229997397018)
(156,0.15672451672767804)
(157,0.1569694079816928)
(158,0.15641223573937152)
(159,0.15688387183005909)
(160,0.15669709684146937)
(161,0.1567266347383146)
(162,0.15674062995753568)
(163,0.15667712565846756)
(164,0.15648593537645847)
(165,0.15652816812637718)
(166,0.15660812110839029)
(167,0.15659214551966816)
(168,0.15657065269017711)
(169,0.1566558396716016)
(170,0.15650230792601616)
(171,0.1566475919439672)
(172,0.15657443538209245)
(173,0.15640901620778977)
(174,0.1566289549571945)
(175,0.1565630895324528)
(176,0.15642560725450666)
(177,0.15659139647576853)
(178,0.15656550338334585)
(179,0.1565179929712498)
(180,0.1564946589458353)
(181,0.15654193659285723)
(182,0.15680564787497608)
(183,0.1564102275297528)
(184,0.15657255860011046)
(185,0.15653749080465157)
(186,0.1564572141852466)
(187,0.15651455842276696)
(188,0.15650547572742649)
(189,0.15648711950203023)
(190,0.1564713267415933)
(191,0.15649022722469014)
(192,0.15657703040670762)
(193,0.1563340530969553)
(194,0.1563706734263808)
(195,0.156433847512812)
(196,0.15643884958562945)
(197,0.1562467529651415)
(198,0.15619036361942665)
(199,0.1562445483667854)
(200,0.15621483723375376)
(201,0.1562297976253698)
(202,0.15622194175840953)
(203,0.15616400231656963)
(204,0.1561808479953251)
(205,0.1561944922697963)
(206,0.1562028957900489)
(207,0.15626544393781588)
(208,0.1562830243063103)
(209,0.1562657728840949)
(210,0.15619743823130938)
(211,0.15621293861038696)
(212,0.15623510104877128)
(213,0.1562202973215101)
(214,0.15620918235856202)
(215,0.15620058987911017)
(216,0.1562014638767581)
(217,0.156223782531894)
(218,0.15630940432859391)
(219,0.15637540585394324)
(220,0.1564660251618248)
(221,0.15656774103047202)
(222,0.15644824736913845)
(223,0.15640930078404555)
(224,0.15643799013664017)
(225,0.15642703445003425)
(226,0.15644386692191278)
(227,0.15655755435548244)
(228,0.15646409549690032)
(229,0.15643561202745668)
(230,0.1564344225179278)
(231,0.15642708512852802)
(232,0.15641602018019096)
(233,0.1563992499081637)
(234,0.15642487797522522)
(235,0.1564402319443745)
(236,0.15638280946387934)
(237,0.1563893055695306)
(238,0.1563973447607208)
(239,0.15636565067412997)
(240,0.15622399913719498)
(241,0.15622847380692134)
(242,0.15623935822992685)
(243,0.15626491739084314)
(244,0.15624752902540492)
(245,0.1562492208289332)
(246,0.15626069896039044)
(247,0.15629861074662524)
(248,0.1562876286999844)
(249,0.15636469557296812)
(250,0.15628680710209883)
(251,0.1563282383264931)
(252,0.1563183042038384)
(253,0.15631402480997597)
(254,0.15637275241058943)
(255,0.15647297920702935)
(256,0.1564441461189564)
(257,0.15645594418989273)
(258,0.15641964595600782)
(259,0.1564164027026722)
(260,0.15640147896566928)
(261,0.15645704911916036)
(262,0.15640807685341668)
(263,0.15640210732649404)
(264,0.1563980320691222)
(265,0.15639669471913561)
(266,0.1563965399243991)
(267,0.15639845810401823)
(268,0.15640872806838355)
(269,0.1565184013388427)
(270,0.15633892932437018)
(271,0.15638458777622855)
(272,0.1563863982044569)
(273,0.15640675885386945)
(274,0.15640155438422934)
(275,0.15640587694134722)
(276,0.1564195376702434)
(277,0.15642038288000956)
(278,0.15646021346279582)
(279,0.15645201658801952)
(280,0.15645389904756177)
(281,0.15648621802492285)
(282,0.15646483960533186)
(283,0.15647102675908722)
(284,0.1565093736936277)
(285,0.1566309339250932)
(286,0.156553186044847)
(287,0.15656282207555625)
(288,0.15656201299909556)
(289,0.15653040193470208)
(290,0.1565423779373829)
(291,0.15660029435202863)
(292,0.15655651577776827)
(293,0.15655741648992041)
(294,0.15656710609256674)
(295,0.1565903930715186)
(296,0.15654655789122637)
(297,0.1565231663806417)
(298,0.15649495543495162)
(299,0.1565151057213829)
(300,0.15652745688583564)
(301,0.15661025551584165)
(302,0.1566124855721299)
(303,0.15660431701436306)
(304,0.15658201010888156)
(305,0.15658235859088074)
(306,0.15658343004984168)
(307,0.15662468365513735)
(308,0.15659289040472754)
(309,0.15660662266713116)
(310,0.15664043607527475)
(311,0.1566936030975995)
(312,0.15679835153748328)
(313,0.1569270111409743)
(314,0.15694012136519878)
(315,0.15689907664952324)
(316,0.15691308119880423)
(317,0.15690469537845417)
(318,0.15693995989254453)
(319,0.15671512753879877)
(320,0.15700163591755054)
(321,0.15676529104219553)
(322,0.15677883627331693)
(323,0.15677383726871721)
(324,0.15675776955356718)
(325,0.15674152448246845)
(326,0.15674817165549984)
(327,0.15673409583852252)
(328,0.15671121361559964)
(329,0.15672357424488875)
(330,0.156728257818378)
(331,0.15659549218449217)
(332,0.15667894723611708)
(333,0.156645688937368)
(334,0.15663801093006502)
(335,0.1566863167384958)
(336,0.15667272263041904)
(337,0.15665750028894695)
(338,0.15661905456403655)
(339,0.15666070208019753)
(340,0.1566092710314529)
(341,0.15663815320799782)
(342,0.1566373402114434)
(343,0.15665220471797578)
(344,0.15668075007563922)
(345,0.1567182430768329)
(346,0.15671780393692616)
(347,0.15676703745362972)
(348,0.1567950082287997)
(349,0.1568682855627866)
(350,0.15705822328906463)
(351,0.1570452207204454)
(352,0.1570209220904891)
(353,0.15701361286837004)
(354,0.15699061026033964)
(355,0.15692433692263688)
(356,0.1569235638610978)
(357,0.15690442904338037)
(358,0.1569065148927858)
(359,0.15691466460142994)
(360,0.15694501903066246)
(361,0.15709510468889)
(362,0.15706499458325254)
(363,0.1570561385135881)
(364,0.15705850561173348)
(365,0.15705823847542666)
(366,0.157045083345749)
(367,0.15704032655330996)
(368,0.1570327721677973)
(369,0.1570442332857363)
(370,0.15703348238460055)
(371,0.15701456020624535)
(372,0.15701980971875634)
(373,0.15699764461960777)
(374,0.15701712319092617)
(375,0.1570226498439702)
(376,0.15703571257163418)
(377,0.15708113460509293)
(378,0.15717274356277122)
(379,0.15705167768246622)
(380,0.15716669890511675)
(381,0.1570883781124374)
(382,0.15710357456379082)
(383,0.1571275528201089)
(384,0.15714229064289295)
(385,0.157110617054814)
(386,0.15711587829138038)
(387,0.1571122678641017)
(388,0.15712631875784488)
(389,0.15712417357562983)
(390,0.15710986440703786)
(391,0.15708188306234525)
(392,0.15709165264723762)
(393,0.15711138615302978)
(394,0.1571796457187397)
(395,0.15715804622371984)
(396,0.1571588987819178)
(397,0.15714830198912813)
(398,0.15716117181702235)
(399,0.15716082662782133)
(400,0.15715905184780007)
(401,0.15716277566876077)
(402,0.15714279394069924)
(403,0.15722723550588347)
(404,0.1571798147145239)
(405,0.15720737142850782)
(406,0.15720088539683016)
(407,0.1571852665565925)
(408,0.1571671586954802)
(409,0.15710389541857084)
(410,0.15718426097019841)
(411,0.15716145219480854)
(412,0.15717980097507206)
(413,0.1572490581757689)
(414,0.1572488160511678)
(415,0.15724272885283683)
(416,0.15721199344390688)
(417,0.1572547742230851)
(418,0.15725344734885194)
(419,0.15725018041987776)
(420,0.15726073449775654)
(421,0.1572620591290763)
(422,0.15732623639099114)
(423,0.15729629185143468)
(424,0.1573392204977494)
(425,0.15732864783328868)
(426,0.1573013659338465)
(427,0.1572746359570024)
(428,0.15734834048054128)
(429,0.15733841863394274)
(430,0.15735732986694317)
(431,0.1574125861326295)
(432,0.15739277592339368)
(433,0.15734303722222653)
(434,0.15740968171136058)
(435,0.15740238678949137)
(436,0.15738785804470976)
(437,0.15738911501590147)
(438,0.157395264951653)
(439,0.15747494183260538)
(440,0.1574541111622146)
(441,0.15746755670061363)
(442,0.15751333788119798)
(443,0.15747093015027983)
(444,0.15747992719023376)
(445,0.15750841778500663)
(446,0.1575068957160319)
(447,0.1575099770458498)
(448,0.1575243290278911)
(449,0.15753147742589116)
(450,0.15753334546469194)
(451,0.1575419297138056)
(452,0.15757338387515632)
(453,0.1575973382552034)
(454,0.15758501888089804)
(455,0.15760328801701393)
(456,0.15760255085158079)
(457,0.1575718537949475)
(458,0.15759927878211447)
(459,0.1575977901137716)
(460,0.15758432451445387)
(461,0.1575543744384328)
(462,0.1574852703435267)
(463,0.1575738283574112)
(464,0.1575560887792005)
(465,0.1575731067907208)
(466,0.15760606648339964)
(467,0.15759356050924325)
(468,0.15755216791707646)
(469,0.15759249150870056)
(470,0.15759890920040923)
(471,0.15760599295160094)
(472,0.1576343804011936)
(473,0.1577142186007646)
(474,0.15769434542977934)
(475,0.15769488469722387)
(476,0.1576870557282502)
(477,0.15768029080914575)
(478,0.15763286248119474)
(479,0.15768297208878945)
(480,0.15767573080587852)
(481,0.15763639948902883)
(482,0.15768880186060458)
(483,0.15767949782710963)
(484,0.1576396299262862)
(485,0.15769034384017186)
(486,0.15768453994368775)
(487,0.15766548671902048)
(488,0.15764345379106576)
(489,0.15762811119542902)
(490,0.1577229739460414)
(491,0.15768551332772526)
(492,0.15771115975147373)
(493,0.15770782407907308)
(494,0.15769875238347333)
(495,0.15769073089227123)
(496,0.15767627636262765)
(497,0.15775453919945318)
(498,0.15771857531037192)
(499,0.1577594558714704)
(500,0.15775539647932424)
(501,0.15774260338480922)
(502,0.15772480309083717)
(503,0.15765942655340626)
(504,0.15760498859064825)
(505,0.15762066701216954)
(506,0.1576519389778819)
(507,0.15765364808804103)
(508,0.15768148278094699)
(509,0.1576928161983626)
(510,0.15773156302625216)
(511,0.15771304840907646)
(512,0.15772427031534136)
(513,0.15775416280398616)
(514,0.15781721094442192)
(515,0.15779262658575627)
(516,0.15779674834085616)
(517,0.15779877314220556)
(518,0.1577566413840146)
(519,0.1577487547448013)
(520,0.15779698429958347)
(521,0.15778793443240638)
(522,0.1577701286109735)
(523,0.15778208670068367)
(524,0.15781608470368516)
(525,0.15778390031826256)
(526,0.157800564210643)
(527,0.157847045985238)
(528,0.15781975459741357)
(529,0.15782220259334534)
(530,0.15783372196557052)
(531,0.15787739748006227)
(532,0.15789843537974518)
(533,0.15789770479114162)
(534,0.15790685427342843)
(535,0.15792380617605076)
(536,0.15796341101567934)
(537,0.1580113271534077)
(538,0.15790978692228302)
(539,0.15797963798448353)
(540,0.15795075519500057)
(541,0.15795987584774512)
(542,0.15798052365278012)
(543,0.15800845054441517)
(544,0.15801401917627647)
(545,0.15801737900706048)
(546,0.15805214950946578)
(547,0.15800873566634221)
(548,0.1580151023223488)
(549,0.1580165140557217)
(550,0.1579965043204929)
(551,0.1579523212364999)
(552,0.1579012629366663)
(553,0.15785102166050297)
(554,0.15766138950343894)
(555,0.1575744034872247)
(556,0.15748519241489306)
(557,0.15743747839141783)
(558,0.15738085688825754)
(559,0.15738611652550225)
(560,0.15737019395410176)
(561,0.15735291112323035)
(562,0.1573567986636026)
(563,0.15735252018248183)
(564,0.15735307298417953)
(565,0.15737509388641202)
(566,0.1574454153184241)
(567,0.15738663296837413)
(568,0.15740512405814275)
(569,0.15739582087317772)
(570,0.15737590285252445)
(571,0.15740373911974562)
(572,0.15739532557315794)
(573,0.15738637402927194)
(574,0.15741230841744838)
(575,0.15740665022595035)
(576,0.15739941654888848)
(577,0.1574132506987627)
(578,0.15741143609384783)
(579,0.15741256395411368)
(580,0.1574188977328987)
(581,0.15742461402625246)
(582,0.15735964824246387)
(583,0.15738714519825395)
(584,0.15738889541226106)
(585,0.1574085688958984)
(586,0.1574598826724641)
(587,0.15745795563696602)
(588,0.15745405519756164)
(589,0.15743913543233276)
(590,0.15737830796133245)
(591,0.1574127142527791)
(592,0.15744910354971806)
(593,0.15744673506239112)
(594,0.15744853045838306)
(595,0.1575041982572807)
(596,0.15752588403313023)
(597,0.1574905378399284)
(598,0.15749223451995603)
(599,0.15747074877237133)
(600,0.15748344908433876)
(601,0.157499999228225)
(602,0.1575581595941166)
(603,0.15755042770880004)
(604,0.1575230871056564)
(605,0.15754561632976188)
(606,0.15753840792747875)
(607,0.15752051015278057)
(608,0.15754329231369277)
(609,0.1575392076816995)
(610,0.1575314134818105)
(611,0.15752905858812877)
(612,0.1575091826573309)
(613,0.15756552295447537)
(614,0.1575183482656417)
(615,0.1575480291366733)
(616,0.1575442359527373)
(617,0.15753487956316328)
(618,0.15752772685297553)
(619,0.15752806625790186)
(620,0.1575996614955092)
(621,0.1575206328740537)
(622,0.1575703009874726)
(623,0.15756542110107655)
(624,0.1575465852978798)
(625,0.15757411439111127)
(626,0.1575703706464521)
(627,0.15756209683203937)
(628,0.1575589985251063)
(629,0.15755638987755055)
(630,0.15763171363690695)
(631,0.15757015468663696)
(632,0.15760711753777223)
(633,0.15761297020142692)
(634,0.157615460511687)
(635,0.157625258006281)
(636,0.15765835385798113)
(637,0.1576533248478923)
(638,0.15762848809786065)
(639,0.15761480528444635)
(640,0.15763025710000017)
(641,0.15763542947216314)
(642,0.15765374899246695)
(643,0.15769029999736586)
(644,0.15765881343521707)
(645,0.15766473570998327)
(646,0.15767986373308385)
(647,0.1577105532451593)
(648,0.15773258844480198)
(649,0.15779565020558556)
(650,0.15776363454634512)
(651,0.15779938128119228)
(652,0.15778561800720034)
(653,0.15776818443236093)
(654,0.1577909574703213)
(655,0.15779179177437574)
(656,0.15779275669776083)
(657,0.15777766122335654)
(658,0.15773782251218127)
(659,0.1577417812011282)
(660,0.15775803596439505)
(661,0.15775931139885918)
(662,0.1577707426242819)
(663,0.1578362998085281)
(664,0.15783250381823016)
(665,0.15782442890811757)
(666,0.15782503269178558)
(667,0.15782439608469853)
(668,0.15780077777513477)
(669,0.15780298376347765)
(670,0.1578089083404286)
(671,0.15781277858540133)
(672,0.1578241068404252)
(673,0.15785648434174515)
(674,0.15784503511168085)
(675,0.15785600038609035)
(676,0.1578209249819071)
(677,0.157848408420139)
(678,0.1578429023843699)
(679,0.1578190952164544)
(680,0.15784792591911206)
(681,0.15784435259451526)
(682,0.1578318687488199)
(683,0.1578114044590436)
(684,0.15777269845141537)
(685,0.15779023958216465)
(686,0.15777954501703967)
(687,0.15780320018120836)
(688,0.15783712514919615)
(689,0.15784087581329317)
(690,0.1578521529439226)
(691,0.15786305043110516)
(692,0.1579130082705481)
(693,0.15790898106254647)
(694,0.15790543330234647)
(695,0.15791340742551396)
(696,0.15790523953120295)
(697,0.15791487677219002)
(698,0.15791421424857452)
(699,0.1579115909256174)
(700,0.1579070060991973)
(701,0.15788147387314233)
(702,0.15785811134884928)
(703,0.15790255203097517)
(704,0.15789290927892158)
(705,0.15791451696449657)
(706,0.15796408992978012)
(707,0.1579386229316555)
(708,0.15794282373730545)
(709,0.1579552945754147)
(710,0.1579855130524755)
(711,0.15807921088639162)
(712,0.15808216633541639)
(713,0.15807275697027676)
(714,0.15808514050535766)
(715,0.15808039461871595)
(716,0.15810198608088127)
(717,0.15810083313214873)
(718,0.15810175364026513)
(719,0.1581008976891741)
(720,0.1580834603845877)
(721,0.1581006119625991)
(722,0.15809766201205117)
(723,0.15808684588738758)
(724,0.15806131595657724)
(725,0.15808898358177711)
(726,0.15808507538279828)
(727,0.15807551939482864)
(728,0.15807477775103407)
(729,0.1581180931401401)
(730,0.1580792748775653)
(731,0.15813022638824006)
(732,0.15815527266620402)
(733,0.15813830993518876)
(734,0.1581348730300637)
(735,0.15812361393167979)
(736,0.15808052021332375)
(737,0.15813412256937273)
(738,0.15811983543840477)
(739,0.15807649782547598)
(740,0.15813350001795706)
(741,0.15812170956767846)
(742,0.1580882933805699)
(743,0.1581305797428976)
(744,0.15812586347893615)
(745,0.15811447992788552)
(746,0.15810683341773554)
(747,0.1581226179326771)
(748,0.15814364086084093)
(749,0.15815438278602906)
(750,0.15819032915095468)
(751,0.15817073315545185)
(752,0.15818062474135455)
(753,0.15820908581662016)
(754,0.15818890094037363)
(755,0.15819556045139083)
(756,0.1581990576453828)
(757,0.15820120464418821)
(758,0.1581763430278522)
(759,0.15821039067466533)
(760,0.15820000066340967)
(761,0.15816984809678417)
(762,0.1582123859342432)
(763,0.15820511039828514)
(764,0.158186894078942)
(765,0.15816832507082304)
(766,0.15814507754803464)
(767,0.15822087247808606)
(768,0.15813357115532053)
(769,0.15819270202348032)
(770,0.15818813094001782)
(771,0.158178237496518)
(772,0.158224589109662)
(773,0.15822251663136772)
(774,0.158219607158649)
(775,0.1582293062965285)
(776,0.1582902352763787)
(777,0.15829355464752376)
(778,0.15827248958152085)
(779,0.15825660197802263)
(780,0.15831443950732252)
(781,0.15831786253042932)
(782,0.15831829006880252)
(783,0.1583060640706988)
(784,0.1583147979669211)
(785,0.158318533692163)
(786,0.15833025098354095)
(787,0.15835093164307887)
(788,0.1584034651503081)
(789,0.158377133219813)
(790,0.15838389033647457)
(791,0.15839337420841307)
(792,0.15839831143562957)
(793,0.15841761870050927)
(794,0.1583967446912097)
(795,0.15841304210677215)
(796,0.15840929448041224)
(797,0.1584035583577659)
(798,0.1584071299648138)
(799,0.1583700202896878)
(800,0.1584490775331128)
(801,0.15841773862212535)
(802,0.1584233954107096)
(803,0.1584426793774796)
(804,0.1584775177066396)
(805,0.15844597979901293)
(806,0.15845859271256807)
(807,0.15848796803676984)
(808,0.15846411814162864)
(809,0.15847056929820394)
(810,0.1584860383208625)
(811,0.15851069671539145)
(812,0.15852449758034504)
(813,0.15847028554758494)
(814,0.15853549288750715)
(815,0.1585225300730054)
(816,0.15853257685040525)
(817,0.15855756630612686)
(818,0.15854467196937308)
(819,0.1585495824055521)
(820,0.1585507454753416)
(821,0.15854848919517517)
(822,0.15853416294215875)
(823,0.15856010454561303)
(824,0.15855316540814157)
(825,0.15853065360572394)
(826,0.15856615366945173)
(827,0.15855525416122512)
(828,0.1585204267199565)
(829,0.15856683270718777)
(830,0.15855566870570292)
(831,0.1585235992872257)
(832,0.15856539157196597)
(833,0.158559185926352)
(834,0.15854380285066663)
(835,0.158529559190838)
(836,0.15852516551661644)
(837,0.15858316263197553)
(838,0.15855505192020705)
(839,0.15857443674684207)
(840,0.15857214623229635)
(841,0.15856730954079)
(842,0.1585680751084716)
(843,0.15858219110610652)
(844,0.15859711984237868)
(845,0.15868176941736448)
(846,0.1587023889771685)
(847,0.15865445337977002)
(848,0.15867913426683486)
(849,0.1586713540676635)
(850,0.15863659728651877)
(851,0.15864418003413655)
(852,0.15867565147129148)
(853,0.1586498613780827)
(854,0.15866860919595985)
(855,0.1587076705196839)
(856,0.15869315115982588)
(857,0.15868956409942134)
(858,0.15867665733848468)
(859,0.15863134919727817)
(860,0.15868584484719078)
(861,0.15867252081123373)
(862,0.15868152637411295)
(863,0.15870788285085127)
(864,0.15870657572175015)
(865,0.15869869423304309)
(866,0.15865611132800014)
(867,0.15870734142039902)
(868,0.1586935407532277)
(869,0.15870336580323738)
(870,0.1587305251380302)
(871,0.15872623665868604)
(872,0.15870679093733403)
(873,0.15870982406951062)
(874,0.15872136873405357)
(875,0.15872002087736473)
(876,0.15872106728060753)
(877,0.15872735118988512)
(878,0.15875389193911388)
(879,0.15879408168311696)
(880,0.15875821693779582)
(881,0.1587737226764322)
(882,0.15877299321791608)
(883,0.1587637706123372)
(884,0.15876155576570042)
(885,0.15875323851093895)
(886,0.15873315642535754)
(887,0.15873714753952933)
(888,0.15876967871237196)
(889,0.158755870054494)
(890,0.1587632709701892)
(891,0.1587875401738026)
(892,0.15877265581536398)
(893,0.15877668362593406)
(894,0.15878894517163566)
(895,0.158781541877778)
(896,0.1587838188062312)
(897,0.1587851954225546)
(898,0.15878745629134777)
(899,0.15879241318718407)
(900,0.1587926722284869)
(901,0.15877607796954477)
(902,0.1588267863131372)
(903,0.15879720030442843)
(904,0.15881222651633004)
(905,0.15881006878234655)
(906,0.1588065334966888)
(907,0.15880951500749035)
(908,0.15883872030279578)
(909,0.15883202741787852)
(910,0.15881230455540343)
(911,0.1588230940705925)
(912,0.15882875724304946)
(913,0.15882970229939616)
(914,0.15883252953250088)
(915,0.15884903494910738)
(916,0.15888457453271476)
(917,0.15884538489473646)
(918,0.15885490380680825)
(919,0.15885065654403505)
(920,0.15882917986789083)
(921,0.15884930727881963)
(922,0.15884136932843312)
(923,0.1588208172146871)
(924,0.15879121052624903)
(925,0.15872823235485228)
(926,0.15870184962598663)
(927,0.15870188552978456)
(928,0.15872473975655227)
(929,0.15873655516491902)
(930,0.15879048146519617)
(931,0.15876119686290602)
(932,0.1587661374032551)
(933,0.15878015067694048)
(934,0.15881112993917057)
(935,0.15879072127820068)
(936,0.1587957155371752)
(937,0.15880728168382724)
(938,0.158822147936122)
(939,0.15881643535637285)
(940,0.15875624471613353)
(941,0.1588075839923683)
(942,0.15879075828024053)
(943,0.15880250510134805)
(944,0.15879814920184382)
(945,0.15878604634903443)
(946,0.15876141865446672)
(947,0.15870190577874582)
(948,0.1586845153566021)
(949,0.1586846994036889)
(950,0.15862935093640984)
(951,0.1586690092833979)
(952,0.15863590737305958)
(953,0.15864479902470557)
(954,0.15867201409389095)
(955,0.15866096883359676)
(956,0.15862411255330064)
(957,0.15863803345632357)
(958,0.15862831775775782)
(959,0.158604795395562)
(960,0.15856752267687393)
(961,0.15847284480436397)
(962,0.15854836048886806)
(963,0.15853380063648917)
(964,0.1584980460843082)
(965,0.15846290309604522)
(966,0.15848124439632885)
(967,0.15849300338038394)
(968,0.15852043755841064)
(969,0.15850617808947048)
(970,0.15847002285095133)
(971,0.1585143907325212)
(972,0.15849986960820425)
(973,0.15850681797164184)
(974,0.1585259180398235)
(975,0.15856233476882872)
(976,0.1585233529813352)
(977,0.15853487855653003)
(978,0.15856290804530315)
(979,0.15861214103822086)
(980,0.15857366950001203)
(981,0.15858647399550327)
(982,0.158613911962266)
(983,0.1586548411502565)
(984,0.1586754246052416)
(985,0.15865850946429572)
(986,0.15866935674285065)
(987,0.15868712583333397)
(988,0.1586879355437433)
(989,0.15865712141732752)
(990,0.15868134471015816)
(991,0.15867324038997455)
(992,0.15868056981883272)
(993,0.1586823037970374)
(994,0.15868587290415168)
(995,0.15869749398179825)
(996,0.1587622062857236)
(997,0.15879216106300012)
(998,0.158714167695064)
(999,0.15877295189728682)
(1000,0.15874238483348985)

best val error :0.15569519998821518
