(1,1.2905362898553212)
(2,0.8974724308746655)
(3,0.7490459857574349)
(4,0.6704890504966186)
(5,0.6162441903999424)
(6,0.5702972609135223)
(7,0.524558390120443)
(8,0.47712913415652264)
(9,0.429371556045962)
(10,0.3830414229397048)
(11,0.3371418924265967)
(12,0.3176864971442487)
(13,0.2667353876824742)
(14,0.25155254189946796)
(15,0.2317229629552801)
(16,0.2162672432539701)
(17,0.20510175117581983)
(18,0.1897917610449285)
(19,0.17688116423554956)
(20,0.17025734744882226)
(21,0.15858041516608107)
(22,0.1498000567458367)
(23,0.14214186749358668)
(24,0.13505363644168417)
(25,0.13064482598701305)
(26,0.12824402235971)
(27,0.12370606046791452)
(28,0.11797669222109962)
(29,0.11426579985525899)
(30,0.11224523258926042)
(31,0.10845539603531645)
(32,0.1039046766922492)
(33,0.10062972170326659)
(34,0.0987637855825259)
(35,0.09748168499879109)
(36,0.09524758781384399)
(37,0.09382169595884218)
(38,0.09306068737528597)
(39,0.09181369195520125)
(40,0.09062411353063335)
(41,0.08461832771510526)
(42,0.0834318396719142)
(43,0.08279418314231508)
(44,0.08205040621817536)
(45,0.08136518760952441)
(46,0.08018583420500706)
(47,0.07696498306672454)
(48,0.07584152313922632)
(49,0.07546668022184778)
(50,0.0747078357413772)
(51,0.07396427287923787)
(52,0.07322555540968294)
(53,0.0728435928557195)
(54,0.07224311893058383)
(55,0.07146760946599968)
(56,0.0693272850442869)
(57,0.06855257367627866)
(58,0.06783991748267516)
(59,0.06763944756005451)
(60,0.06726885899474734)
(61,0.06696366912778712)
(62,0.0665041762225186)
(63,0.0651340821094263)
(64,0.06476386699187947)
(65,0.06452365100629355)
(66,0.06434796471430962)
(67,0.06395795940883565)
(68,0.06369631149498155)
(69,0.06353577053070422)
(70,0.06349018489107311)
(71,0.06321505396265054)
(72,0.06280940154862656)
(73,0.06264935679660683)
(74,0.062294793938513664)
(75,0.06191213893141918)
(76,0.06168696218409539)
(77,0.06143532786118464)
(78,0.06116238168652244)
(79,0.06100056851356624)
(80,0.0608256784293828)
(81,0.060651848005235)
(82,0.06046494501006145)
(83,0.0602347460680186)
(84,0.06013976107645348)
(85,0.05992039884163362)
(86,0.05951138219664924)
(87,0.058836556422057026)
(88,0.05796792618082207)
(89,0.057598049462655315)
(90,0.05744270509146746)
(91,0.057202077152253276)
(92,0.057036111238242766)
(93,0.056924915010209035)
(94,0.056857647725586526)
(95,0.05669740562635772)
(96,0.056394934306390365)
(97,0.0558910700734766)
(98,0.055175795071166225)
(99,0.05437667477006158)
(100,0.05386128340427944)
(101,0.05372451751228189)
(102,0.0535715881423311)
(103,0.05349647757857585)
(104,0.05335963870124699)
(105,0.05308074175829415)
(106,0.05256321398042453)
(107,0.05245400555811154)
(108,0.05229221155643043)
(109,0.05217792036930672)
(110,0.05196701076225019)
(111,0.051914650376794866)
(112,0.05147705323573743)
(113,0.05134168589837652)
(114,0.051251238915821166)
(115,0.051193131085769034)
(116,0.05105478588302186)
(117,0.05080073086636391)
(118,0.05040365991799422)
(119,0.04988194983058198)
(120,0.049585215916683203)
(121,0.04947511447459886)
(122,0.04926076082132405)
(123,0.04915747044254052)
(124,0.04907862773921597)
(125,0.04898633083931161)
(126,0.048851297363530416)
(127,0.04879552701126656)
(128,0.04867823504381411)
(129,0.0484455530916463)
(130,0.048022723663634144)
(131,0.04753546380615099)
(132,0.04727627888158327)
(133,0.047203376541015085)
(134,0.04704680685685234)
(135,0.04679174083414608)
(136,0.0465202984799388)
(137,0.04619384129723122)
(138,0.04611970877158003)
(139,0.04601801835263202)
(140,0.04581227440969557)
(141,0.045484922577413836)
(142,0.045257662052957864)
(143,0.04516098838923024)
(144,0.04511205621595087)
(145,0.045002322859379496)
(146,0.04483546644610234)
(147,0.04476374742180203)
(148,0.04471475802051373)
(149,0.044628700640159884)
(150,0.04455795315648249)
(151,0.04447438856922679)
(152,0.04437371241023276)
(153,0.04432776437717975)
(154,0.04425300574738926)
(155,0.04417917365555377)
(156,0.044142895196629985)
(157,0.04406362916866467)
(158,0.04391269836340789)
(159,0.043648804384465986)
(160,0.04325772868008536)
(161,0.043145740095193584)
(162,0.04308742863845405)
(163,0.04305065833780782)
(164,0.04296567562277761)
(165,0.04281089944865089)
(166,0.042670349372592446)
(167,0.042513730408243154)
(168,0.04240611694826693)
(169,0.04235175030111104)
(170,0.04228875207232791)
(171,0.042182753142406396)
(172,0.04214180342827625)
(173,0.042082150632127294)
(174,0.04202771868364061)
(175,0.04184043386246781)
(176,0.04177859819927524)
(177,0.04171205974847016)
(178,0.041614962812460035)
(179,0.04156382423408397)
(180,0.04153337308687622)
(181,0.041460767486306734)
(182,0.04134187666171976)
(183,0.04128497352490051)
(184,0.041201509345183206)
(185,0.04112183064964398)
(186,0.04107216252938673)
(187,0.041041772863616675)
(188,0.04097213209359427)
(189,0.04084542319598555)
(190,0.040651916432064235)
(191,0.040300716850288146)
(192,0.040197516639696326)
(193,0.040152698961364496)
(194,0.04007668699399283)
(195,0.040003097607621003)
(196,0.03996636153302568)
(197,0.03989551022812387)
(198,0.03977345126772789)
(199,0.03966505549189268)
(200,0.03961549774981569)
(201,0.039582149485052245)
(202,0.039509467498208495)
(203,0.039456836371690764)
(204,0.03934566403566274)
(205,0.0392835160300506)
(206,0.039252470851445856)
(207,0.039186640556789755)
(208,0.039074578064767024)
(209,0.03901206342696904)
(210,0.03897057630084478)
(211,0.038943591987007545)
(212,0.038882416723454445)
(213,0.03877802276104846)
(214,0.038661690767472764)
(215,0.03840579962809214)
(216,0.03825348707298161)
(217,0.03819727720587981)
(218,0.03816288696139509)
(219,0.0380859796101578)
(220,0.038052583240729)
(221,0.03800891189704756)
(222,0.037948724823202835)
(223,0.03792331140623068)
(224,0.03787004219851426)
(225,0.03777027198650776)
(226,0.03762647310112528)
(227,0.0375385555294122)
(228,0.037510631341085135)
(229,0.03747459021876544)
(230,0.03739559696336522)
(231,0.03720480153887816)
(232,0.03712570126395066)
(233,0.03708793977164617)
(234,0.037069165208992665)
(235,0.03702496072200503)
(236,0.036974838984056096)
(237,0.03692190121619113)
(238,0.03689370630866037)
(239,0.036855934047461375)
(240,0.03681924521927247)
(241,0.03675507310682423)
(242,0.036723753221753)
(243,0.036685242457897865)
(244,0.036627973488453265)
(245,0.03660433938576829)
(246,0.03655906575153167)
(247,0.036473969451647784)
(248,0.03633101495977699)
(249,0.03609558572296263)
(250,0.036040239450291674)
(251,0.03600099737777886)
(252,0.03597869151648873)
(253,0.035934133087162465)
(254,0.0358516325146153)
(255,0.035685404273415086)
(256,0.0356346618808951)
(257,0.0355932424852157)
(258,0.035556577601297185)
(259,0.03553395331324789)
(260,0.035493582543291324)
(261,0.03545482254667715)
(262,0.03536430653746105)
(263,0.03533280308430385)
(264,0.035309952800328934)
(265,0.03527623172254238)
(266,0.03524461747992321)
(267,0.03519388058345003)
(268,0.035163665177546696)
(269,0.035145255037966665)
(270,0.03510526197205811)
(271,0.03504695827140236)
(272,0.0349983028807249)
(273,0.03497407557272582)
(274,0.034918066280266724)
(275,0.03490957168708359)
(276,0.03482178291379944)
(277,0.03475794431517974)
(278,0.034734485473974924)
(279,0.03469482418460228)
(280,0.0346019567739333)
(281,0.03448488142768671)
(282,0.03436175551607)
(283,0.03431349050641862)
(284,0.03427865840940758)
(285,0.03425499163460294)
(286,0.03420307092351592)
(287,0.034154729356034266)
(288,0.03408281811927355)
(289,0.03404801604977164)
(290,0.03402868237386466)
(291,0.0339840332097271)
(292,0.0339047978854667)
(293,0.03387374005829687)
(294,0.03384394805857038)
(295,0.03382628383955858)
(296,0.033787846810213566)
(297,0.03373539972360082)
(298,0.03368576302391536)
(299,0.033661065162068196)
(300,0.03364443007721507)
(301,0.03361039400451599)
(302,0.033590081961455104)
(303,0.03355166225962872)
(304,0.03352764418302326)
(305,0.03351308796151498)
(306,0.03347940120315234)
(307,0.033420791071839456)
(308,0.03336449050239471)
(309,0.03329263134373009)
(310,0.033275832182643635)
(311,0.03326212398441616)
(312,0.03322175068662221)
(313,0.033087517997299545)
(314,0.03305095726192318)
(315,0.0330248281031724)
(316,0.03300379855677452)
(317,0.032981334872689366)
(318,0.03294085420922712)
(319,0.032923554449431756)
(320,0.032895522379938875)
(321,0.03285154744769893)
(322,0.03279942353963043)
(323,0.0327758015700955)
(324,0.0327603385647683)
(325,0.032727634150763026)
(326,0.03268176255335015)
(327,0.03264107491805634)
(328,0.03262025357719617)
(329,0.0326087787196213)
(330,0.03256044452915887)
(331,0.03254256951036765)
(332,0.03252834946713186)
(333,0.03249089936976058)
(334,0.0324776836859711)
(335,0.03245132415134606)
(336,0.0324020160796458)
(337,0.03230180339267893)
(338,0.032268829752691144)
(339,0.03224252455088219)
(340,0.0322199674568739)
(341,0.03220621928379893)
(342,0.032179549593785155)
(343,0.03214177660423486)
(344,0.03209628415399158)
(345,0.03207917873357958)
(346,0.03204078284177787)
(347,0.03200345307797877)
(348,0.031964003750349905)
(349,0.031947956663199675)
(350,0.03187795326228728)
(351,0.03185865677437974)
(352,0.03183862668940783)
(353,0.03181856677863015)
(354,0.031796595328821405)
(355,0.03177279600718068)
(356,0.03176148104145066)
(357,0.03174038837758273)
(358,0.03171788513849434)
(359,0.031680656528076945)
(360,0.031664779314029744)
(361,0.03163811381279371)
(362,0.031628054532971434)
(363,0.03156699246995006)
(364,0.03154978182898141)
(365,0.031518015600523676)
(366,0.03148215831191015)
(367,0.031464445997498314)
(368,0.0314528197920894)
(369,0.0314271299350232)
(370,0.03139781938331933)
(371,0.03136588042113852)
(372,0.03135153145670695)
(373,0.03133673538957496)
(374,0.03130753214101107)
(375,0.03129578174618926)
(376,0.0312777065470044)
(377,0.031243747491945334)
(378,0.031191626003371824)
(379,0.031033355007098782)
(380,0.03094708435184337)
(381,0.030928919785112526)
(382,0.030913549312939364)
(383,0.030882064210453652)
(384,0.030849797933214882)
(385,0.030836509599862248)
(386,0.030806606636531536)
(387,0.030735642569576015)
(388,0.030679653735361637)
(389,0.030645397683727787)
(390,0.030625724046679983)
(391,0.03060707909530886)
(392,0.030594945683699783)
(393,0.030579981343441965)
(394,0.030560346947607963)
(395,0.030551494347665343)
(396,0.03053164538743473)
(397,0.030515922168226017)
(398,0.030482830360283455)
(399,0.030471391270559315)
(400,0.030457836184056952)
(401,0.030434336982413823)
(402,0.030391180657747235)
(403,0.03037753221248171)
(404,0.03035811238724233)
(405,0.030300366806993648)
(406,0.030269771133118017)
(407,0.030253462911549157)
(408,0.030241852592825462)
(409,0.030218677819979306)
(410,0.030203803613222644)
(411,0.03017346305062301)
(412,0.030120371650044303)
(413,0.030084467646893417)
(414,0.02999616235358955)
(415,0.02996549456789436)
(416,0.0299449840737546)
(417,0.02993186447160139)
(418,0.02990833775377625)
(419,0.029886818021725093)
(420,0.02987543854366865)
(421,0.02985808651155706)
(422,0.029837551999209566)
(423,0.029827653849155634)
(424,0.02981194897609151)
(425,0.029786579628775404)
(426,0.029769296721167782)
(427,0.02969638140706629)
(428,0.029635155714503193)
(429,0.02958368971211342)
(430,0.029549032409117333)
(431,0.029538007268941575)
(432,0.029516934641103207)
(433,0.029476398301750018)
(434,0.029463595420188057)
(435,0.0294338142694386)
(436,0.02939582204950628)
(437,0.02936297734442852)
(438,0.029344411790253433)
(439,0.029333380205782966)
(440,0.029308694882454227)
(441,0.029260055418204)
(442,0.029193306848807624)
(443,0.029152355614543254)
(444,0.029131251255942976)
(445,0.029114912194175873)
(446,0.029103710774982684)
(447,0.029081149641484425)
(448,0.029064989860322424)
(449,0.02905550680485)
(450,0.029037805577225642)
(451,0.0290152624099125)
(452,0.028979897100044876)
(453,0.028966821703839855)
(454,0.028937584693708038)
(455,0.028923697464702514)
(456,0.028913218971981257)
(457,0.02889695034161741)
(458,0.028879721263686778)
(459,0.028871107323588708)
(460,0.02885620897810182)
(461,0.02882941836767086)
(462,0.028802263473177235)
(463,0.028752386002941957)
(464,0.02867889910880498)
(465,0.028650732116873242)
(466,0.02863608194796915)
(467,0.02860103945989842)
(468,0.028590200824734714)
(469,0.02856419133087709)
(470,0.028535406621955077)
(471,0.02851552680158307)
(472,0.028490218288067127)
(473,0.02843892057096714)
(474,0.028399987028094837)
(475,0.028380913177482422)
(476,0.028371340918664462)
(477,0.028362000951924135)
(478,0.02834552942211527)
(479,0.028339245883578487)
(480,0.028326304989947097)
(481,0.028302642954306727)
(482,0.028253021723286302)
(483,0.028239221214133973)
(484,0.02822311157548399)
(485,0.028178234144817547)
(486,0.028140092570087413)
(487,0.02812617246517494)
(488,0.028106972415475412)
(489,0.028087475827709374)
(490,0.028078271290249465)
(491,0.02807231080410717)
(492,0.028052588001760203)
(493,0.028045742299782923)
(494,0.02803453767092879)
(495,0.028012345389788654)
(496,0.027963065930975126)
(497,0.027946808048914536)
(498,0.027940349717707647)
(499,0.027925820026739136)
(500,0.02789970098422297)
(501,0.027888436008894815)
(502,0.027880986367359507)
(503,0.027864115500393825)
(504,0.027832816151840013)
(505,0.02777820054910722)
(506,0.02771757714111336)
(507,0.027677208049089373)
(508,0.027657410946209084)
(509,0.027646193404679262)
(510,0.02763923671105411)
(511,0.027621319099420612)
(512,0.027598413344908104)
(513,0.0275836521853722)
(514,0.027574843025786597)
(515,0.027567196890642368)
(516,0.02755006334572641)
(517,0.027542580395005508)
(518,0.027532928312354904)
(519,0.027520460493101386)
(520,0.02751492536366554)
(521,0.027502806213588287)
(522,0.02748078527638353)
(523,0.02743509596862458)
(524,0.0273881743040637)
(525,0.027365229891398474)
(526,0.027354516201155143)
(527,0.027347421442212576)
(528,0.027330933736609882)
(529,0.02730894697428693)
(530,0.02728896775229268)
(531,0.027280316818669798)
(532,0.02727447328563172)
(533,0.027261565626059844)
(534,0.027255257269830552)
(535,0.02724066027613102)
(536,0.027217332018241325)
(537,0.027204415400628894)
(538,0.027197273545932352)
(539,0.027181974214861532)
(540,0.027154426988174253)
(541,0.027131517317635908)
(542,0.027094970590905317)
(543,0.027085101965654244)
(544,0.027078461459484233)
(545,0.027068683289340312)
(546,0.02706115619634908)
(547,0.027047498285175487)
(548,0.027026371175395407)
(549,0.027009599211144958)
(550,0.026971517375674468)
(551,0.02696067186744553)
(552,0.026952802460260807)
(553,0.026947374608058912)
(554,0.026934893347768944)
(555,0.02691259755714826)
(556,0.026890504065158333)
(557,0.026864000442814753)
(558,0.02685702271333803)
(559,0.026852357720959053)
(560,0.026842761581892922)
(561,0.026837420841647305)
(562,0.026827687750978452)
(563,0.026809539853713843)
(564,0.026788132454456253)
(565,0.02677676151861255)
(566,0.02676169759506664)
(567,0.026736625059389826)
(568,0.026726335043214075)
(569,0.026702856485783934)
(570,0.026686940017850352)
(571,0.026658014111411332)
(572,0.0266391455291015)
(573,0.026614077794930184)
(574,0.026596078939716196)
(575,0.02658697148012053)
(576,0.026570906287956168)
(577,0.026558905148423365)
(578,0.026552857953938008)
(579,0.026539415622491735)
(580,0.026516904137213988)
(581,0.02648480603034964)
(582,0.02643435676594123)
(583,0.02641944663994783)
(584,0.0264073739000907)
(585,0.026367710493442737)
(586,0.026313501351253252)
(587,0.026301217653684504)
(588,0.026293282346654435)
(589,0.026288252893425706)
(590,0.026277353446189804)
(591,0.026259658987431492)
(592,0.026246995255145632)
(593,0.02624063663430534)
(594,0.026227152830409585)
(595,0.02620142205287634)
(596,0.026190027920018347)
(597,0.026180598046632836)
(598,0.026174483407044122)
(599,0.026165195133401903)
(600,0.026154828124540223)
(601,0.026149618040623848)
(602,0.026142237805961897)
(603,0.02613315689821129)
(604,0.026129015635419296)
(605,0.02612070709690319)
(606,0.02610495429216656)
(607,0.026076160843098033)
(608,0.026031148475921195)
(609,0.02601814056959857)
(610,0.026009878046101435)
(611,0.02600415061476908)
(612,0.025994706051868138)
(613,0.02597967765493447)
(614,0.025967361391210007)
(615,0.025949191910433933)
(616,0.02593038910095103)
(617,0.02592341468133993)
(618,0.0259173840600258)
(619,0.025914472720428176)
(620,0.025904479689316643)
(621,0.025894864827331363)
(622,0.025879514317096754)
(623,0.025864892505839752)
(624,0.025855485266259633)
(625,0.025849196068714907)
(626,0.02584342786833479)
(627,0.025833094524781636)
(628,0.025829035982639473)
(629,0.02582027962675757)
(630,0.025812372991911848)
(631,0.025798091337792844)
(632,0.025792348010784904)
(633,0.025788414482186182)
(634,0.025780477096096474)
(635,0.025776018317688453)
(636,0.025767065329461537)
(637,0.0257621568915773)
(638,0.025752203819956677)
(639,0.02573428602509508)
(640,0.025702831500776922)
(641,0.02565651909607294)
(642,0.025637559316964778)
(643,0.025630268985079713)
(644,0.025624658182547205)
(645,0.02562368078793095)
(646,0.02561295126507921)
(647,0.02560704814844661)
(648,0.025602034274969793)
(649,0.025587427689148182)
(650,0.025569925150049088)
(651,0.025555416475573214)
(652,0.025550214993794344)
(653,0.025543189711958635)
(654,0.02553657429561071)
(655,0.025533347601311016)
(656,0.025526057893080687)
(657,0.02551664707082386)
(658,0.02550779197179197)
(659,0.025503611149147967)
(660,0.02549803915090328)
(661,0.02549008133005047)
(662,0.025475092031964002)
(663,0.025468086297094617)
(664,0.025463661465096248)
(665,0.025458909711736987)
(666,0.025452304614506507)
(667,0.025446302973270364)
(668,0.02543342232179723)
(669,0.02541908510163306)
(670,0.02539126201417589)
(671,0.025384762225678544)
(672,0.02538139649793369)
(673,0.025374348186028694)
(674,0.025367422993868304)
(675,0.025359275488125627)
(676,0.0253540593938052)
(677,0.025350529050175964)
(678,0.02534820176590253)
(679,0.025342823051767462)
(680,0.025334790436899384)
(681,0.02532261298096629)
(682,0.025315260333051464)
(683,0.02531148797658703)
(684,0.02530229301768976)
(685,0.025285436149726587)
(686,0.02525973525386363)
(687,0.025248749576850187)
(688,0.02522756131906142)
(689,0.025216789431594215)
(690,0.02520725288373042)
(691,0.02519854824159318)
(692,0.02519288235414936)
(693,0.025189149390880166)
(694,0.025180722236872635)
(695,0.025164547771319493)
(696,0.025134081817567277)
(697,0.025095671952501158)
(698,0.025078020517358128)
(699,0.025070469301091)
(700,0.025065943326583552)
(701,0.025059425333109394)
(702,0.025052407365272433)
(703,0.025049140416695093)
(704,0.0250422681254438)
(705,0.025029457509645137)
(706,0.025008850849765885)
(707,0.02497109686691203)
(708,0.024964599328018713)
(709,0.02495994368230431)
(710,0.02494544135782688)
(711,0.02493661552562587)
(712,0.024932835840631728)
(713,0.02492623833976127)
(714,0.02491512114580707)
(715,0.024897428856617734)
(716,0.024880046295689847)
(717,0.024875903731271912)
(718,0.02487333790242527)
(719,0.02486494259314932)
(720,0.024861545239389868)
(721,0.02485578415682858)
(722,0.02484935414575284)
(723,0.0248405739375496)
(724,0.02483525148937324)
(725,0.02483244720585092)
(726,0.024825780562780782)
(727,0.024819375217001376)
(728,0.024810566749465628)
(729,0.024806845123178236)
(730,0.024803273411859485)
(731,0.024795930089530432)
(732,0.02479312431735022)
(733,0.02478755868729276)
(734,0.02477659047098502)
(735,0.0247556044549051)
(736,0.02472954528018028)
(737,0.024717910765756756)
(738,0.0247121179755252)
(739,0.02470909147682163)
(740,0.024703537013901943)
(741,0.024695152164972093)
(742,0.02468814880539613)
(743,0.02465009551380727)
(744,0.024634924417208638)
(745,0.024626461259830052)
(746,0.02462045775969171)
(747,0.024617561357419215)
(748,0.02461054236025026)
(749,0.024603930879697516)
(750,0.02459456787632783)
(751,0.02459070498355484)
(752,0.024584701607405227)
(753,0.024574801121199006)
(754,0.02456138707194903)
(755,0.024556108804630297)
(756,0.024549428130401656)
(757,0.02453428051499585)
(758,0.024512669750977604)
(759,0.024477430380225925)
(760,0.024456543620428494)
(761,0.024433039062143076)
(762,0.02442551650267265)
(763,0.02442188400365579)
(764,0.0244148836804116)
(765,0.024401389530373983)
(766,0.024376259717026737)
(767,0.02436776711717456)
(768,0.024361225403985543)
(769,0.0243566769785114)
(770,0.024347597659535206)
(771,0.02434169650559273)
(772,0.024338073024955813)
(773,0.024329825819146576)
(774,0.024320251913612603)
(775,0.024309110714813995)
(776,0.024303892319388946)
(777,0.024300151771163753)
(778,0.024293565798104)
(779,0.02428849777462918)
(780,0.024285649649502573)
(781,0.024278978197276698)
(782,0.024270671028446267)
(783,0.024262668254539474)
(784,0.02425880841275476)
(785,0.024256171517517185)
(786,0.024250085608429017)
(787,0.024243983606414915)
(788,0.024235142313401934)
(789,0.02423137482231802)
(790,0.024228913633847195)
(791,0.02422320871550862)
(792,0.024217212855069954)
(793,0.024209260674604337)
(794,0.024205891652186534)
(795,0.024202572674738902)
(796,0.024195850097739145)
(797,0.02419326310291395)
(798,0.024188271849157603)
(799,0.02417834056993722)
(800,0.024158559406941168)
(801,0.02414090210029776)
(802,0.024125871749708205)
(803,0.02411992004780457)
(804,0.02411703924586894)
(805,0.024113066693476046)
(806,0.0241084591068148)
(807,0.024106386723133057)
(808,0.024101408449964508)
(809,0.02409189785355369)
(810,0.024076235105902934)
(811,0.024065889298417433)
(812,0.024051800152628106)
(813,0.02404490401237745)
(814,0.024035258666280795)
(815,0.02401675470022853)
(816,0.024013194920617268)
(817,0.024012123846038402)
(818,0.02400465273857124)
(819,0.024002282121371846)
(820,0.02399777945899432)
(821,0.023988757226648227)
(822,0.023971937453054638)
(823,0.023966695804730136)
(824,0.023958117493938745)
(825,0.02394957861906143)
(826,0.023945429291947106)
(827,0.023935860007657104)
(828,0.023917239783479486)
(829,0.02389567569935201)
(830,0.023880907783271683)
(831,0.02387593683032971)
(832,0.023872092848719283)
(833,0.02386976788987783)
(834,0.023864691665268768)
(835,0.023854725117050397)
(836,0.023837284665710147)
(837,0.023831964567077805)
(838,0.02382765557845236)
(839,0.023824582598403057)
(840,0.023817806646527884)
(841,0.023807109084787954)
(842,0.023798619532030003)
(843,0.023794547643937923)
(844,0.023786141406308064)
(845,0.023772233636597414)
(846,0.02376505745625812)
(847,0.023759177618784634)
(848,0.023752374441063547)
(849,0.02374895873382103)
(850,0.023744929007213606)
(851,0.023739733023181633)
(852,0.023737039852511247)
(853,0.023731903820466232)
(854,0.023728825424556024)
(855,0.02372260391135459)
(856,0.023715258891579858)
(857,0.023706369441773817)
(858,0.02370268524004806)
(859,0.023700017360205758)
(860,0.02369453496794204)
(861,0.023691329423643742)
(862,0.023685842642806352)
(863,0.023681803956907815)
(864,0.023676565195202236)
(865,0.02367251087394632)
(866,0.023657096609776163)
(867,0.023651332209535355)
(868,0.023647954926565608)
(869,0.02364123253219136)
(870,0.023636943268510315)
(871,0.023634226983047665)
(872,0.023629010077526953)
(873,0.023625397860515138)
(874,0.023623294619498796)
(875,0.02361633166387884)
(876,0.023613110713792903)
(877,0.023609778215129495)
(878,0.02360482278454422)
(879,0.023602706232198577)
(880,0.02359806565177765)
(881,0.023592259364177595)
(882,0.02358602322944022)
(883,0.02358294898718833)
(884,0.023580528106479006)
(885,0.02357439471105042)
(886,0.023572075979213125)
(887,0.023568039759315883)
(888,0.023561642018513077)
(889,0.023544174295672078)
(890,0.023531408949670048)
(891,0.023523840572310533)
(892,0.023518546004929107)
(893,0.023515823354824075)
(894,0.023509056361521265)
(895,0.023496285448234372)
(896,0.023488844633499206)
(897,0.023484687449750935)
(898,0.02348309758938271)
(899,0.02347579304843641)
(900,0.023472658961256627)
(901,0.023470854686315833)
(902,0.023464884232913773)
(903,0.023462820691953615)
(904,0.0234588953540594)
(905,0.023453198761905814)
(906,0.023436048324772862)
(907,0.023427235889883213)
(908,0.023419796230631007)
(909,0.023415813122282324)
(910,0.023413388172903424)
(911,0.023407992537701313)
(912,0.023397775652923357)
(913,0.02338323373132104)
(914,0.023374251128438828)
(915,0.02337178492346427)
(916,0.023367963465320874)
(917,0.023361881030645636)
(918,0.02334887837838315)
(919,0.02334230507221064)
(920,0.023337416768162263)
(921,0.023334695525430046)
(922,0.023329699504507903)
(923,0.023320215053900733)
(924,0.023299283850767755)
(925,0.023293527299650982)
(926,0.023287884686052997)
(927,0.02328426421203811)
(928,0.02328102539322209)
(929,0.023279096508561112)
(930,0.023274395054072382)
(931,0.0232672357615539)
(932,0.023262699960536294)
(933,0.023260005503627206)
(934,0.02325814476891847)
(935,0.023253875366340993)
(936,0.023248659734174653)
(937,0.023243156151700622)
(938,0.023240456729183387)
(939,0.023238648394848585)
(940,0.023234628404425705)
(941,0.023232611931804634)
(942,0.02322820893747123)
(943,0.02322593718842571)
(944,0.023220815726872894)
(945,0.02321307335529041)
(946,0.023207522311437637)
(947,0.023204807840582077)
(948,0.023200415858508145)
(949,0.023195746432614933)
(950,0.02319323008417798)
(951,0.02319148058796904)
(952,0.023187472935491605)
(953,0.023183567969923987)
(954,0.023177653595496287)
(955,0.023175012998793505)
(956,0.023173317066392165)
(957,0.02316952843196363)
(958,0.0231676745460515)
(959,0.02316345987193189)
(960,0.02315890480317677)
(961,0.023152970407704043)
(962,0.02315027006201814)
(963,0.023148471259605813)
(964,0.023144607428909125)
(965,0.023142541478946104)
(966,0.023138548420304002)
(967,0.02313606762271383)
(968,0.023131284246883266)
(969,0.023128533882673774)
(970,0.02312672653840628)
(971,0.023122644910126618)
(972,0.023115817062264444)
(973,0.023111733146660835)
(974,0.023109426174081068)
(975,0.023104432180884007)
(976,0.02309432604670102)
(977,0.023077727769582605)
(978,0.023074011498298137)
(979,0.02307131356730122)
(980,0.023069722099291076)
(981,0.023066143310013158)
(982,0.02305942998498577)
(983,0.023047643217980033)
(984,0.023027874763034535)
(985,0.023024182719763052)
(986,0.02302139104391066)
(987,0.023019707980619555)
(988,0.02301601093371716)
(989,0.023008912737937922)
(990,0.022995590710952467)
(991,0.02297986485862996)
(992,0.022972445560979583)
(993,0.022968871429025747)
(994,0.022966782027841335)
(995,0.02296449197393692)
(996,0.022960714895732565)
(997,0.022959159943959407)
(998,0.02295604652647441)
(999,0.022950058815299382)
(1000,0.02293909068194307)
(1,1.3213750954336765)
(2,0.9262846182684253)
(3,0.7745439968678658)
(4,0.6944374542545445)
(5,0.640403687557503)
(6,0.5953246635363365)
(7,0.552205685822485)
(8,0.506685353613418)
(9,0.4594289370318887)
(10,0.4152126842632003)
(11,0.37089300932696934)
(12,0.35978388605090833)
(13,0.3166393265316745)
(14,0.30599845397063313)
(15,0.29229727673848355)
(16,0.27809495913270627)
(17,0.2674206851220303)
(18,0.2536145931938703)
(19,0.2388381598118387)
(20,0.2280907441794441)
(21,0.21655791849863773)
(22,0.21102306057832917)
(23,0.20271857320817863)
(24,0.20128723877795868)
(25,0.19682677612031702)
(26,0.19481179991348882)
(27,0.19131432853461747)
(28,0.18751105898529286)
(29,0.1837745750542192)
(30,0.18256162949182517)
(31,0.17999921345273115)
(32,0.17703859175940073)
(33,0.17469640122176527)
(34,0.17355795861207748)
(35,0.1734631802879403)
(36,0.17315873998664458)
(37,0.17167887316077843)
(38,0.17167067997930607)
(39,0.17163328211055592)
(40,0.17071461169567773)
(41,0.16820006208468766)
(42,0.1666182735381123)
(43,0.166796984660468)
(44,0.16733727422332595)
(45,0.16750471833165165)
(46,0.16572625620905065)
(47,0.16493389471928943)
(48,0.16393226058661037)
(49,0.1638296836288188)
(50,0.16358039769336394)
(51,0.16314682499377497)
(52,0.16329247907889588)
(53,0.1628214519804824)
(54,0.161806416086039)
(55,0.16129118927933053)
(56,0.16090226444554487)
(57,0.16306412346636345)
(58,0.1615217141581278)
(59,0.16163285546251852)
(60,0.1618179192816397)
(61,0.1622109713845102)
(62,0.1626747351236004)
(63,0.16044959765005984)
(64,0.1605014929706092)
(65,0.16042965008399585)
(66,0.16020514768120536)
(67,0.1603063306762464)
(68,0.16038529702045934)
(69,0.16013195673480954)
(70,0.15963660783287653)
(71,0.15956602467291206)
(72,0.1598333020952414)
(73,0.15981114028214574)
(74,0.15981406857344424)
(75,0.15999294546449241)
(76,0.15950861086655085)
(77,0.16027658599763178)
(78,0.15992810722305037)
(79,0.15938292401817428)
(80,0.15906950765493455)
(81,0.15923220361000898)
(82,0.15986949105913542)
(83,0.159317661942422)
(84,0.15934762864999386)
(85,0.15940064912663796)
(86,0.15938663982939028)
(87,0.15917822000383502)
(88,0.15841221536518732)
(89,0.15939714190931623)
(90,0.1584386184277742)
(91,0.1592486276315868)
(92,0.1587742230838013)
(93,0.15894307463914217)
(94,0.15892324601830726)
(95,0.15886556263102639)
(96,0.15880703804668403)
(97,0.15878867478527744)
(98,0.15895882398562453)
(99,0.1595347148224364)
(100,0.15834686414553287)
(101,0.15888425824664965)
(102,0.15855133725313403)
(103,0.15861601157963295)
(104,0.15874777383587999)
(105,0.15882042505676874)
(106,0.15841866227080312)
(107,0.15869293420712025)
(108,0.15833385437702188)
(109,0.1583062140374348)
(110,0.15843195372621172)
(111,0.1589883600136719)
(112,0.15837853492068096)
(113,0.15805020962620245)
(114,0.1581910232907361)
(115,0.15816062541707726)
(116,0.158095044710921)
(117,0.15802126476821293)
(118,0.1579628160471857)
(119,0.15797395264180958)
(120,0.15785822089203252)
(121,0.15789726229648604)
(122,0.1580337653640546)
(123,0.15799114345687554)
(124,0.1579528892259756)
(125,0.1578110367898168)
(126,0.1578461850443171)
(127,0.15781940139848194)
(128,0.15779220439721137)
(129,0.15779773522400792)
(130,0.15777848286235294)
(131,0.15804922662685486)
(132,0.157696658025726)
(133,0.15771168067451205)
(134,0.1577904240973813)
(135,0.15809110065278592)
(136,0.15768422537557397)
(137,0.15800932579993435)
(138,0.1578629605094098)
(139,0.15756189800184492)
(140,0.1574037440583317)
(141,0.15809619629828214)
(142,0.1576200140133632)
(143,0.15784009702976956)
(144,0.15785277885819274)
(145,0.1579338331143566)
(146,0.15813370572514862)
(147,0.15802710591092245)
(148,0.1579866404895707)
(149,0.15793894654633772)
(150,0.15796082050433102)
(151,0.1580697939826539)
(152,0.15787878713510395)
(153,0.15791471767956222)
(154,0.15800993692045348)
(155,0.15786717049977003)
(156,0.1578794907652397)
(157,0.15791160351030517)
(158,0.15793391242276145)
(159,0.15787748206482152)
(160,0.15753755458009355)
(161,0.1578665630905171)
(162,0.15773859191364223)
(163,0.15776172252077325)
(164,0.15780564736272426)
(165,0.15781355949019168)
(166,0.1578485369696815)
(167,0.15785618535230564)
(168,0.1578662834590415)
(169,0.15783408986787328)
(170,0.15782956390024747)
(171,0.15789593423615442)
(172,0.1578653180426001)
(173,0.15784547890692593)
(174,0.1579630224644065)
(175,0.15802964188950855)
(176,0.1579601506929635)
(177,0.15784347077352354)
(178,0.15798077829286783)
(179,0.15790780702680876)
(180,0.15791039478375885)
(181,0.15791282593256084)
(182,0.15791504228833847)
(183,0.15787126624133838)
(184,0.1577771324414553)
(185,0.15794295435667124)
(186,0.1578657929629573)
(187,0.1578744238963249)
(188,0.15788967307222276)
(189,0.1578831802736043)
(190,0.1578965601020769)
(191,0.1577642784927752)
(192,0.1577428831408479)
(193,0.15775993579455486)
(194,0.15781406199466566)
(195,0.15775792520660392)
(196,0.15779517770370305)
(197,0.1578727123430015)
(198,0.1579596678306532)
(199,0.15781733480267993)
(200,0.15788211027443833)
(201,0.15785922704305105)
(202,0.157807911588031)
(203,0.15780184525059618)
(204,0.15784135021482673)
(205,0.15778244610199837)
(206,0.1577814889621113)
(207,0.15777738681625525)
(208,0.15776297606526743)
(209,0.15772160509361197)
(210,0.1577404649607718)
(211,0.15773801118483566)
(212,0.1577373960961122)
(213,0.15776537531022808)
(214,0.15762599148590445)
(215,0.15784790279571873)
(216,0.15797220156094224)
(217,0.15790399270130948)
(218,0.15791498779097538)
(219,0.15791531861478356)
(220,0.15785718331072796)
(221,0.15771914676315663)
(222,0.1578538292709213)
(223,0.15782149958779904)
(224,0.15775390734547692)
(225,0.1577021277382517)
(226,0.15765952333955066)
(227,0.15767264384166632)
(228,0.15765219040903414)
(229,0.15761487035216745)
(230,0.15759690612938704)
(231,0.15752722886168477)
(232,0.1574447398943473)
(233,0.1575156865363509)
(234,0.1575410624353259)
(235,0.1574916137000687)
(236,0.1574330286657283)
(237,0.15745436333897805)
(238,0.15746545005118953)
(239,0.157511709389824)
(240,0.15750833253510946)
(241,0.15746961209718893)
(242,0.15747924894909482)
(243,0.15746933037829217)
(244,0.1574658535510911)
(245,0.15747259681219308)
(246,0.15747771512847672)
(247,0.15748012612918363)
(248,0.15746631809725312)
(249,0.1574456922557285)
(250,0.15743175637341938)
(251,0.1574639168058532)
(252,0.1574631226470645)
(253,0.1574573663953295)
(254,0.15747776706836045)
(255,0.15745290144723814)
(256,0.15750839860723068)
(257,0.1574001620702138)
(258,0.15746706397960222)
(259,0.1574601469029107)
(260,0.15746796324287993)
(261,0.15741552875192807)
(262,0.1574972599837322)
(263,0.15748161819677103)
(264,0.15749019131996309)
(265,0.15746073444007835)
(266,0.1574526630530266)
(267,0.1574482859689769)
(268,0.15746084839313335)
(269,0.1574635966657433)
(270,0.15746925298792494)
(271,0.15749714070317292)
(272,0.15751493149006393)
(273,0.1575079433789949)
(274,0.15749255728431732)
(275,0.15743580191150397)
(276,0.1574007363004868)
(277,0.15746378566118288)
(278,0.15745398671969646)
(279,0.15742170507133177)
(280,0.15741017308165337)
(281,0.15750401218180754)
(282,0.15747540640003732)
(283,0.15744832401437195)
(284,0.15746920685719004)
(285,0.15746628688934858)
(286,0.15744741328492529)
(287,0.15740237076643138)
(288,0.15740198670994393)
(289,0.15743754816687616)
(290,0.15743374143633937)
(291,0.157430975136332)
(292,0.15748247492290607)
(293,0.15749252108952574)
(294,0.15750693875414262)
(295,0.15749391797676016)
(296,0.1574796704065924)
(297,0.15740778055959284)
(298,0.15754432222120957)
(299,0.157496479451849)
(300,0.1575191248718509)
(301,0.15756524577467138)
(302,0.1575531194524728)
(303,0.15752079062270458)
(304,0.15756699686690298)
(305,0.15755922956289117)
(306,0.1575426950592548)
(307,0.15752997167029312)
(308,0.15742371245784803)
(309,0.15756980104258114)
(310,0.15755262644028684)
(311,0.15749986204276778)
(312,0.1574741239621514)
(313,0.15754120939822402)
(314,0.15750672279205383)
(315,0.15754904620964783)
(316,0.15754731120966356)
(317,0.1575720801136352)
(318,0.1576392916511657)
(319,0.15762330484205347)
(320,0.15759190413416363)
(321,0.1575899270370131)
(322,0.1576923879174312)
(323,0.15766054930654025)
(324,0.1576740391140291)
(325,0.15769849823882612)
(326,0.15772420417082492)
(327,0.15766783275654986)
(328,0.1577007502969788)
(329,0.15772991859743732)
(330,0.15766677398134157)
(331,0.1576962641632882)
(332,0.15773812267183537)
(333,0.15769073853744223)
(334,0.1577012570552377)
(335,0.1577172428529232)
(336,0.15771902657218323)
(337,0.1576447128809335)
(338,0.15773832503492638)
(339,0.15767908979922102)
(340,0.15771762233529066)
(341,0.15771091693910647)
(342,0.15768405397335475)
(343,0.15764015646641302)
(344,0.15769691476259912)
(345,0.15769408948086053)
(346,0.1577057528008472)
(347,0.15781368464217221)
(348,0.1577823983303791)
(349,0.15770718558728658)
(350,0.15775530972305757)
(351,0.1577830415676488)
(352,0.15785390617808645)
(353,0.15784224797408697)
(354,0.1578090158329918)
(355,0.1578364432771304)
(356,0.15783967312402994)
(357,0.15783531925557817)
(358,0.15780378020525462)
(359,0.15782830148491014)
(360,0.15782129873166167)
(361,0.15781845709472078)
(362,0.15787613396388553)
(363,0.1578714773287972)
(364,0.157815858827003)
(365,0.15774932823227714)
(366,0.15778347018571603)
(367,0.157774578496633)
(368,0.1577818767626315)
(369,0.15780092877589036)
(370,0.15776814759123206)
(371,0.15780938377424067)
(372,0.15781180310921783)
(373,0.15780332697326085)
(374,0.15783971009160944)
(375,0.15783782813381744)
(376,0.15782875176759742)
(377,0.15784652825837034)
(378,0.1578142373642748)
(379,0.15795143689676955)
(380,0.15800171462804663)
(381,0.15799763718151422)
(382,0.15803279927890496)
(383,0.15800897920028237)
(384,0.15807735578608606)
(385,0.15807471826152267)
(386,0.15806610013822292)
(387,0.15805621792028007)
(388,0.15800313707595967)
(389,0.15808370426230273)
(390,0.15809200999361978)
(391,0.1580781895396637)
(392,0.15809093721489534)
(393,0.15807482868367878)
(394,0.15808534797544257)
(395,0.15808659284597557)
(396,0.15809568739880558)
(397,0.15805357930905536)
(398,0.15810812409060268)
(399,0.1581003427095085)
(400,0.15807635640893633)
(401,0.15808171347876307)
(402,0.15814661148196185)
(403,0.1581319461777645)
(404,0.1581034906887777)
(405,0.15813649929306586)
(406,0.15822288081820504)
(407,0.15818798624357874)
(408,0.1581878092940043)
(409,0.15817682972217853)
(410,0.15818454448437075)
(411,0.15816941514257274)
(412,0.15814784403374438)
(413,0.15817655630310545)
(414,0.1581862889299779)
(415,0.15816771207470168)
(416,0.15817963569152801)
(417,0.1581862612239629)
(418,0.15818171466873546)
(419,0.15818197728476105)
(420,0.15819111864075538)
(421,0.15818989133971512)
(422,0.15818683722800228)
(423,0.1581945045688567)
(424,0.15819630824522216)
(425,0.15817645213687306)
(426,0.15807430536337594)
(427,0.15798875741997112)
(428,0.1581124566304806)
(429,0.15812009804798008)
(430,0.15816639111833478)
(431,0.15816307720718778)
(432,0.15815255704250955)
(433,0.15815607790679176)
(434,0.15816764071517844)
(435,0.15819693526722084)
(436,0.1582508693673372)
(437,0.15822803638224267)
(438,0.1582383083314723)
(439,0.1582370926067175)
(440,0.15823799182889858)
(441,0.15826045150887366)
(442,0.15830367573992732)
(443,0.1582803665162878)
(444,0.15827377170249643)
(445,0.15827879925324145)
(446,0.15827389417431648)
(447,0.1582645686290688)
(448,0.15828615148818068)
(449,0.15827948957267426)
(450,0.1582657806593713)
(451,0.15827677794072584)
(452,0.1583122982313965)
(453,0.1583044779613631)
(454,0.15829427809837915)
(455,0.1583247202761384)
(456,0.15831533613413404)
(457,0.1582924047391408)
(458,0.15833158262414748)
(459,0.15832197447639954)
(460,0.1583026196058565)
(461,0.15830831622984182)
(462,0.15824436466392738)
(463,0.15837232445898747)
(464,0.15836575776920483)
(465,0.15839376195240643)
(466,0.1584017871128964)
(467,0.15842571545618583)
(468,0.15842652036660368)
(469,0.15842869051503022)
(470,0.15844348040447429)
(471,0.1584737704075948)
(472,0.1585057861881948)
(473,0.15845241685530065)
(474,0.15836952253773093)
(475,0.15839355617714204)
(476,0.15840820514952736)
(477,0.15843347346986017)
(478,0.1584148862664127)
(479,0.15842207721223436)
(480,0.15843110333323032)
(481,0.15844058470064282)
(482,0.1584342119938442)
(483,0.15843476122434463)
(484,0.15841193865596)
(485,0.15839564158099353)
(486,0.15839154237087344)
(487,0.15842366527879065)
(488,0.15849280340510344)
(489,0.15844147602002173)
(490,0.15846372438527515)
(491,0.15849257308390044)
(492,0.15845791177838686)
(493,0.15846992992051265)
(494,0.15848862336840905)
(495,0.15849708240481825)
(496,0.15847156017641723)
(497,0.15849803716067942)
(498,0.1584971850820311)
(499,0.15848750177770043)
(500,0.15848707316452953)
(501,0.15850973059450726)
(502,0.15850589838598633)
(503,0.15850201871275496)
(504,0.15851899604655467)
(505,0.15852516346376486)
(506,0.15858085964702495)
(507,0.15853239978575176)
(508,0.15859163370903087)
(509,0.1585748897772092)
(510,0.1585901519879579)
(511,0.1585929589859294)
(512,0.15859884045598296)
(513,0.15860667426092537)
(514,0.15860534336380536)
(515,0.15860522266391067)
(516,0.158618315658507)
(517,0.1586142011166055)
(518,0.15860823345575828)
(519,0.15862279645411811)
(520,0.15862013319240548)
(521,0.15861653026495645)
(522,0.15862374556339418)
(523,0.15862338643403073)
(524,0.15863218740991664)
(525,0.15861022715529638)
(526,0.15862210179767008)
(527,0.15862362446068276)
(528,0.15863358306284944)
(529,0.15861493196425377)
(530,0.15865850933753206)
(531,0.1586524082086281)
(532,0.15866230276705143)
(533,0.1586765302799707)
(534,0.1586769196688157)
(535,0.15867101632915886)
(536,0.15866799923340458)
(537,0.15868392335050874)
(538,0.1586799761544114)
(539,0.15867551418393533)
(540,0.15869439230447374)
(541,0.1586470267426217)
(542,0.15873270258830702)
(543,0.15871151421879617)
(544,0.15872202157986962)
(545,0.15873635849937884)
(546,0.15874384251637286)
(547,0.15874284262118823)
(548,0.15873575390504402)
(549,0.15873255264698227)
(550,0.1587670667123642)
(551,0.15874770532669494)
(552,0.1587565040144777)
(553,0.15875362685036726)
(554,0.15874944034772598)
(555,0.15875581093351698)
(556,0.1587090335323828)
(557,0.15877144969815188)
(558,0.15875883311166583)
(559,0.1587620316305197)
(560,0.1587689655595674)
(561,0.1587746319733051)
(562,0.1587793625800915)
(563,0.15877038278687416)
(564,0.15874180548881892)
(565,0.1587179518834689)
(566,0.15871011158562232)
(567,0.15869908111273975)
(568,0.15869030632071357)
(569,0.15864006126722202)
(570,0.1586112186189049)
(571,0.15850625352591624)
(572,0.15846015347644204)
(573,0.1583033333533623)
(574,0.15828750825743754)
(575,0.15825936348604389)
(576,0.15819392031220608)
(577,0.1581931312956345)
(578,0.15818050854173338)
(579,0.15815294450626977)
(580,0.15811992760941934)
(581,0.15807265667145073)
(582,0.1580610420215629)
(583,0.15807441070303385)
(584,0.1580891498100283)
(585,0.15816263893808966)
(586,0.15820799352762255)
(587,0.15817805786081515)
(588,0.15819292757895145)
(589,0.15818893250282548)
(590,0.15818309626107646)
(591,0.1581932382702227)
(592,0.1582132563996036)
(593,0.15820780817015512)
(594,0.15820245075855854)
(595,0.15822318004546376)
(596,0.1582537308939324)
(597,0.15823543235841753)
(598,0.15824780501705782)
(599,0.1582676240214377)
(600,0.15824331097011302)
(601,0.15825459203400216)
(602,0.1582722802626567)
(603,0.15825450537384658)
(604,0.15826049528198496)
(605,0.15827091129479795)
(606,0.15827820389406622)
(607,0.1582743618875668)
(608,0.15825004241947013)
(609,0.1583219586513885)
(610,0.15837045774248132)
(611,0.1583310577626988)
(612,0.1583280101416175)
(613,0.1583307428058158)
(614,0.15837653656361905)
(615,0.15833768234501364)
(616,0.15838287399547415)
(617,0.15836934918992532)
(618,0.1583774983917163)
(619,0.15838371936954682)
(620,0.1583933121582604)
(621,0.15838800636990577)
(622,0.15838214422375038)
(623,0.15841002980138572)
(624,0.15839740310154402)
(625,0.15840900380575249)
(626,0.1584299253137942)
(627,0.15841299138564102)
(628,0.15841725838384726)
(629,0.15842300847591184)
(630,0.15841566694686907)
(631,0.15841695870726877)
(632,0.1584269323958141)
(633,0.15843162871639369)
(634,0.1584454535318533)
(635,0.15844495588288118)
(636,0.15844384965906827)
(637,0.1584504804610698)
(638,0.15845456013667655)
(639,0.15845797654579208)
(640,0.1584676760458121)
(641,0.15847253814129642)
(642,0.15847924208526623)
(643,0.1584816454683217)
(644,0.15849832003552936)
(645,0.1585397125594092)
(646,0.15851993109798102)
(647,0.1585155719188211)
(648,0.15856898748135095)
(649,0.15856300573614343)
(650,0.1585365763337882)
(651,0.15857147014919676)
(652,0.15857655823167496)
(653,0.15858888463322524)
(654,0.15859864881092786)
(655,0.15859916716395836)
(656,0.15860425169283315)
(657,0.15860190959444265)
(658,0.15861629348922013)
(659,0.15861365895992863)
(660,0.15861098970311477)
(661,0.15863033659526277)
(662,0.15864607112363727)
(663,0.15863889584662075)
(664,0.15864160241663125)
(665,0.1586457911467337)
(666,0.1586546111155507)
(667,0.15865611181587966)
(668,0.15865546527785426)
(669,0.15862820630928118)
(670,0.15866521141928241)
(671,0.15866153456952017)
(672,0.15866965552587095)
(673,0.15868182102760295)
(674,0.15867543891352848)
(675,0.15868039510221554)
(676,0.1587012473160559)
(677,0.15870153848792445)
(678,0.15871702378032598)
(679,0.1587084425170498)
(680,0.15871538290022283)
(681,0.15872615076578536)
(682,0.158730051069275)
(683,0.15873345981617146)
(684,0.1587426986599355)
(685,0.15875172184640948)
(686,0.15876727039344335)
(687,0.15877555333765514)
(688,0.15879031205324268)
(689,0.15877591183554812)
(690,0.15880289196575184)
(691,0.15880182835895992)
(692,0.15880866635973342)
(693,0.15881446446376035)
(694,0.15882747447398476)
(695,0.1588485386038436)
(696,0.15887317010594204)
(697,0.15890696605163812)
(698,0.15894487200232163)
(699,0.1589381163230665)
(700,0.1589479246297901)
(701,0.15896262021935734)
(702,0.15896160975454002)
(703,0.15896736218987367)
(704,0.1589790168151431)
(705,0.15899492352872405)
(706,0.15901190711694196)
(707,0.15904196789390196)
(708,0.15909209052522097)
(709,0.1590767656664322)
(710,0.15912173397483165)
(711,0.15911277165847362)
(712,0.1591204709711957)
(713,0.15913939189883639)
(714,0.1591750109299514)
(715,0.15920645476568007)
(716,0.1592095704904439)
(717,0.15921544738323015)
(718,0.15922866646354633)
(719,0.1592530606099544)
(720,0.1592720799194667)
(721,0.15927050100133566)
(722,0.1592895035443205)
(723,0.15929779964250154)
(724,0.15930428948826506)
(725,0.15930785623913654)
(726,0.15931495993367709)
(727,0.15933242019123675)
(728,0.1593286973094025)
(729,0.15933715090081357)
(730,0.15934762136042616)
(731,0.1593463771593865)
(732,0.15935104076116427)
(733,0.15935979913824241)
(734,0.15937044445240597)
(735,0.15938187432277018)
(736,0.15939699734202015)
(737,0.15941520018845065)
(738,0.15941729482245892)
(739,0.15942111355591573)
(740,0.15942666538378397)
(741,0.15942865977862386)
(742,0.15940892586221533)
(743,0.15941195822167348)
(744,0.15944844531550212)
(745,0.1594461169960071)
(746,0.15946066379556625)
(747,0.15946414186693575)
(748,0.159476117561761)
(749,0.15947576916064665)
(750,0.15948331888757905)
(751,0.1594850158827504)
(752,0.1594888060667147)
(753,0.15950489416358615)
(754,0.15951549480951902)
(755,0.159514088819531)
(756,0.15951165048837485)
(757,0.15952959583805854)
(758,0.15951880233420154)
(759,0.15953342232868448)
(760,0.15950536123456505)
(761,0.1594999709268552)
(762,0.15951214352454945)
(763,0.15950393291350487)
(764,0.15948668173509345)
(765,0.15946509268946188)
(766,0.15943836073505108)
(767,0.15941919296060822)
(768,0.15941907739323238)
(769,0.15941255076154462)
(770,0.15939557685446246)
(771,0.15939445751629897)
(772,0.15938852796117564)
(773,0.15938008724598088)
(774,0.15934407056196423)
(775,0.15935780838502103)
(776,0.15934412125821282)
(777,0.159350978952719)
(778,0.15934856675481668)
(779,0.15934580661906245)
(780,0.1593441344695489)
(781,0.15934300100004872)
(782,0.1593234245950252)
(783,0.15933301812298323)
(784,0.15932705485936574)
(785,0.15932983735031334)
(786,0.15933167954921373)
(787,0.15932183458522)
(788,0.15931775034928441)
(789,0.15932168479834152)
(790,0.15932448761863507)
(791,0.15933120891668462)
(792,0.15931820105174654)
(793,0.1593300334308736)
(794,0.15932650588932606)
(795,0.1593197568725717)
(796,0.15933149622143375)
(797,0.15932991142896438)
(798,0.1593277977353548)
(799,0.1593334982273904)
(800,0.15933401398243743)
(801,0.1593368870974675)
(802,0.15933716395805975)
(803,0.15935304297489314)
(804,0.15935347173258227)
(805,0.15935560280376293)
(806,0.15936517471094297)
(807,0.15936820970917973)
(808,0.15936999093072046)
(809,0.15937724075088136)
(810,0.15938990843305856)
(811,0.15939834414248555)
(812,0.15939933068162662)
(813,0.15939502707114866)
(814,0.159383320827241)
(815,0.1593957398734829)
(816,0.1593964727800846)
(817,0.15938917560683735)
(818,0.1594052341521629)
(819,0.15940789892783327)
(820,0.15940786397726725)
(821,0.15941079082528578)
(822,0.15942751153821288)
(823,0.15942822998365455)
(824,0.15942240920356462)
(825,0.15944285015274462)
(826,0.15944294324206207)
(827,0.15943725926050722)
(828,0.1594386441615332)
(829,0.1594893443573112)
(830,0.15949003258316394)
(831,0.1594930297694874)
(832,0.15950541705945395)
(833,0.15950714197003732)
(834,0.15951048970219642)
(835,0.15952120992357435)
(836,0.1595416758049298)
(837,0.1595429387446632)
(838,0.15954699394361907)
(839,0.15954786139256003)
(840,0.15955227740044828)
(841,0.15957134007706172)
(842,0.15957698309712814)
(843,0.15957586236571702)
(844,0.15957531673820793)
(845,0.15958035984787936)
(846,0.15960095517509643)
(847,0.15960672437961773)
(848,0.15961964580925397)
(849,0.15961778312362643)
(850,0.15960759900643154)
(851,0.15961870005541948)
(852,0.15962028365853723)
(853,0.15962962383608487)
(854,0.15963065501451976)
(855,0.15963472499437956)
(856,0.15963438952705603)
(857,0.15963271119754507)
(858,0.15964021597241432)
(859,0.15964461460224502)
(860,0.15965756127482256)
(861,0.15965826048584766)
(862,0.15965760909459473)
(863,0.15966020909978842)
(864,0.15966085861641588)
(865,0.15967041327394296)
(866,0.15967448641350782)
(867,0.15967915013875572)
(868,0.15968221870315066)
(869,0.1596994207933557)
(870,0.15969732544369433)
(871,0.15969808465706134)
(872,0.1597017912742359)
(873,0.15970402191283156)
(874,0.1597054474777152)
(875,0.15970579193039974)
(876,0.1597081877622639)
(877,0.15971640713599797)
(878,0.15971996662345475)
(879,0.15972098369418833)
(880,0.1597272873011732)
(881,0.15973016758962574)
(882,0.1597359573035737)
(883,0.15973504800622823)
(884,0.15973692301112694)
(885,0.15974443135994743)
(886,0.1597442879111039)
(887,0.15974623986013678)
(888,0.1597599274804499)
(889,0.15976595570991042)
(890,0.15979048497852136)
(891,0.15978463909351223)
(892,0.15978730801952823)
(893,0.15978865362439598)
(894,0.15979341031529223)
(895,0.1597990857004567)
(896,0.15980914659600723)
(897,0.15981527138560328)
(898,0.15982912608736247)
(899,0.15983508746337644)
(900,0.15983461970552768)
(901,0.15983414043107017)
(902,0.15983971871886754)
(903,0.15984081950110163)
(904,0.1598437747951373)
(905,0.15985163169325914)
(906,0.15985515303987183)
(907,0.15986745329698937)
(908,0.15985502727097603)
(909,0.15985385957107093)
(910,0.15985413642031057)
(911,0.15985412728628137)
(912,0.15985507126697543)
(913,0.1598513285854965)
(914,0.15987401879401986)
(915,0.159880788319748)
(916,0.1598898321967825)
(917,0.15990399412432066)
(918,0.1599243633192921)
(919,0.15990826825409887)
(920,0.15992192424858329)
(921,0.1599232382694976)
(922,0.15992373688790013)
(923,0.15992079588173863)
(924,0.1599465529700173)
(925,0.15995284963728437)
(926,0.15996098820719284)
(927,0.1599605534194823)
(928,0.15996655436067314)
(929,0.1599692194875938)
(930,0.1599781214624356)
(931,0.15998459218584832)
(932,0.15998468179453007)
(933,0.15998711932991724)
(934,0.15999146958517388)
(935,0.1599968231222649)
(936,0.15999142793104726)
(937,0.1600008141216293)
(938,0.16000219117074485)
(939,0.16000616701142453)
(940,0.16001725580415335)
(941,0.1600176269261763)
(942,0.16001690341812846)
(943,0.16001962316348634)
(944,0.16002224664263062)
(945,0.1600326791902326)
(946,0.1600338025325038)
(947,0.16003495529739267)
(948,0.16004030998997076)
(949,0.16004406865837958)
(950,0.1600452580835533)
(951,0.1600489958606438)
(952,0.16005340315150685)
(953,0.1600472237702463)
(954,0.16005538872728245)
(955,0.16005710559718192)
(956,0.1600606819619163)
(957,0.16007051269945924)
(958,0.16007083532725325)
(959,0.16007062438741654)
(960,0.1600636757963641)
(961,0.16007255375497637)
(962,0.1600744349609038)
(963,0.16007825750260216)
(964,0.16008918388853718)
(965,0.1600893026520452)
(966,0.1600862299210711)
(967,0.16008940276200997)
(968,0.1600922660609945)
(969,0.16009344090263383)
(970,0.16009415422596462)
(971,0.16009719579113982)
(972,0.16010831301392883)
(973,0.1601092445992718)
(974,0.16010979225278335)
(975,0.16011072069358756)
(976,0.16011658563036404)
(977,0.16012858913871236)
(978,0.16013162553126128)
(979,0.1601354218008099)
(980,0.16013660146330133)
(981,0.16014040633204366)
(982,0.160150860159237)
(983,0.1601543569587966)
(984,0.16016576009154976)
(985,0.16016761046697323)
(986,0.16017214155021522)
(987,0.16017318184247775)
(988,0.16017678768900184)
(989,0.16018750557641742)
(990,0.16018967440733053)
(991,0.16019002332134347)
(992,0.1601980826724571)
(993,0.16020469985398705)
(994,0.16020608257094676)
(995,0.16021043842782434)
(996,0.16021571090282521)
(997,0.1602161617886221)
(998,0.16021832081103327)
(999,0.1602272063714923)
(1000,0.1602286725634532)

best val error :0.1574001620702138
