(1,1.2971962997263928)
(2,0.8994756497238913)
(3,0.7495756041888132)
(4,0.67036505807789)
(5,0.6157649458188666)
(6,0.569606724913483)
(7,0.523985377611561)
(8,0.4768081969047448)
(9,0.42989301330506446)
(10,0.3833771378054961)
(11,0.33815104211629077)
(12,0.31938644195855104)
(13,0.26652548096328416)
(14,0.25177677600206844)
(15,0.22786919084200755)
(16,0.2104198440299789)
(17,0.19108983773596472)
(18,0.17509047635656413)
(19,0.15622473649782156)
(20,0.1482646052380219)
(21,0.13895928530819218)
(22,0.13392750179478488)
(23,0.12782984497277494)
(24,0.12326028549339929)
(25,0.12043735739310299)
(26,0.11634110545862154)
(27,0.11318200784738712)
(28,0.11144137781301104)
(29,0.1082468081107531)
(30,0.10476275150417201)
(31,0.1013898658034389)
(32,0.09939102266568052)
(33,0.09806913862055901)
(34,0.0961109149623829)
(35,0.09454867485839252)
(36,0.09374173550958424)
(37,0.09228300859032022)
(38,0.09061230497009404)
(39,0.0884311177752454)
(40,0.08763062670178416)
(41,0.08709332272794396)
(42,0.08593039950756068)
(43,0.08394905088797863)
(44,0.08186072262881183)
(45,0.08027410526205038)
(46,0.07919575006390868)
(47,0.07850222163448183)
(48,0.07802690490539493)
(49,0.07736928081834671)
(50,0.07657449519128938)
(51,0.0761398484972291)
(52,0.07589197027703737)
(53,0.07513850584370277)
(54,0.07482289035248561)
(55,0.07424228163376125)
(56,0.07390489406232788)
(57,0.07334253718286744)
(58,0.07270102933180107)
(59,0.07194375090960434)
(60,0.07153025663433094)
(61,0.07124439870023583)
(62,0.07107540987744905)
(63,0.07069981740650882)
(64,0.06997522321090772)
(65,0.06878691043109925)
(66,0.0672635072618712)
(67,0.06517525288444555)
(68,0.06453441069100958)
(69,0.06404567584735353)
(70,0.06376595573591502)
(71,0.06356523733075997)
(72,0.06344755381079156)
(73,0.06318456898441581)
(74,0.06270648057560314)
(75,0.061982191574412974)
(76,0.060996078598821245)
(77,0.06066393701930925)
(78,0.06051309061251443)
(79,0.06022934891264857)
(80,0.060047203081292265)
(81,0.059942208996176395)
(82,0.059693287667256754)
(83,0.05930681795591926)
(84,0.05914442368921325)
(85,0.05898638988345832)
(86,0.0588698033820304)
(87,0.058846003642084345)
(88,0.0586348734526556)
(89,0.05831564310890201)
(90,0.058190644332817294)
(91,0.05792028692243504)
(92,0.057782825429735764)
(93,0.05748382104944916)
(94,0.05698311739121912)
(95,0.0567096723200769)
(96,0.05652024670297167)
(97,0.05638550419111871)
(98,0.05618739838076032)
(99,0.05596021931365152)
(100,0.055861335414709896)
(101,0.05563727150200945)
(102,0.05527400450307479)
(103,0.05489468895763956)
(104,0.054490130966447524)
(105,0.05437936396845456)
(106,0.05416802851322526)
(107,0.054052913523059146)
(108,0.053982779860348336)
(109,0.05383714820329653)
(110,0.053680540684823856)
(111,0.05346653330701267)
(112,0.05336130369621074)
(113,0.05319415627086456)
(114,0.05307455072069497)
(115,0.0529332743615269)
(116,0.05278594667376834)
(117,0.05256983791873774)
(118,0.05243054534780567)
(119,0.05237540112193583)
(120,0.05210625377673156)
(121,0.05198074532347088)
(122,0.05189964870089239)
(123,0.051848720374166435)
(124,0.0517155860235773)
(125,0.05152234910617156)
(126,0.051423166993020755)
(127,0.05134766616916432)
(128,0.05114188348470569)
(129,0.05107416884752442)
(130,0.05094113353132997)
(131,0.05074735065974175)
(132,0.050625584812774856)
(133,0.05049386109523815)
(134,0.05039713973161853)
(135,0.05034870004761143)
(136,0.050261259833618635)
(137,0.05019759618343416)
(138,0.05009148198790199)
(139,0.04992114566784277)
(140,0.04979540141608993)
(141,0.04973071598802598)
(142,0.04958223537010781)
(143,0.049412035646900096)
(144,0.049300256788475244)
(145,0.04917401313501298)
(146,0.04908788067800126)
(147,0.04904018584120764)
(148,0.048935647159848474)
(149,0.04871254685076248)
(150,0.04853642478454682)
(151,0.04833787166810345)
(152,0.04813029611514598)
(153,0.048005867936858446)
(154,0.04786185311217919)
(155,0.047763135129075804)
(156,0.04770219208324174)
(157,0.04766538297569668)
(158,0.047584495293613395)
(159,0.047426336464564005)
(160,0.04714410190789535)
(161,0.04681221758296933)
(162,0.04662055373340859)
(163,0.04651558901005905)
(164,0.04642594159781624)
(165,0.04635526715596374)
(166,0.04630352961104723)
(167,0.04620423968194729)
(168,0.046138775203924474)
(169,0.04601778377872714)
(170,0.04585000642182783)
(171,0.04574641004774934)
(172,0.04569500306222274)
(173,0.04557067606215741)
(174,0.045344408808707666)
(175,0.044986921860287764)
(176,0.04484466104056689)
(177,0.0447645826488216)
(178,0.044691346576255134)
(179,0.044633278816529676)
(180,0.044588470468863245)
(181,0.044513268654846054)
(182,0.0444254343571329)
(183,0.04425917949710983)
(184,0.04380774731349711)
(185,0.04365798087891857)
(186,0.04351302730896309)
(187,0.04345761368596928)
(188,0.04337127111826245)
(189,0.043334169581324404)
(190,0.043138706985563414)
(191,0.043085822935652135)
(192,0.04300441095394689)
(193,0.04293008131303796)
(194,0.04288799601947125)
(195,0.04279640598359506)
(196,0.042751749910093825)
(197,0.042654289084775414)
(198,0.042588822983052804)
(199,0.04251982655222598)
(200,0.04242225719817718)
(201,0.042297321994828954)
(202,0.042264320356394276)
(203,0.04219747636451973)
(204,0.04212238961175632)
(205,0.042010659528602896)
(206,0.04197092381592163)
(207,0.04189057716571049)
(208,0.04173044480063661)
(209,0.041433044139119975)
(210,0.04136410000778417)
(211,0.04129949326253638)
(212,0.04124781420539755)
(213,0.04118468097347302)
(214,0.041154839912153414)
(215,0.04109956167494132)
(216,0.04106209301989797)
(217,0.04098614989665652)
(218,0.04095068261875783)
(219,0.040887473654471346)
(220,0.04083361839713142)
(221,0.040805302799091024)
(222,0.04073875967783075)
(223,0.040611175621174285)
(224,0.04039478305014667)
(225,0.04015757640883412)
(226,0.0400539064932946)
(227,0.03998496397043674)
(228,0.03993994935794095)
(229,0.03991479639334514)
(230,0.03985793377442461)
(231,0.039783334038230644)
(232,0.03963227721169543)
(233,0.039444960649624036)
(234,0.03935393202783837)
(235,0.039325204728064916)
(236,0.039264201148442084)
(237,0.03914445885262281)
(238,0.038963614637727864)
(239,0.03894388256922206)
(240,0.03885306390210323)
(241,0.03883327219743228)
(242,0.03879058655066215)
(243,0.03875087568255683)
(244,0.038680855191754356)
(245,0.03865700374998764)
(246,0.03860923482702937)
(247,0.038512913563499805)
(248,0.038331644371316004)
(249,0.0382813341475495)
(250,0.03824013686588107)
(251,0.03820687833028274)
(252,0.03818164443066534)
(253,0.038138606356131324)
(254,0.03810058858680346)
(255,0.038081129163184894)
(256,0.03803717120891424)
(257,0.037954552643429285)
(258,0.03782295759258506)
(259,0.037597770808334895)
(260,0.03739630650111588)
(261,0.03719576113067103)
(262,0.03716302132484917)
(263,0.03710361833446276)
(264,0.037046721241560616)
(265,0.03694697449877537)
(266,0.0368258117348851)
(267,0.03678486566846827)
(268,0.03674790501951145)
(269,0.03672182429469869)
(270,0.03668449146755847)
(271,0.036647987518245405)
(272,0.036612717873370344)
(273,0.036561940255796226)
(274,0.0365410569147124)
(275,0.03649937330518505)
(276,0.03642798910916638)
(277,0.03637982008603492)
(278,0.03624493461460841)
(279,0.03621949843475742)
(280,0.036178757724369404)
(281,0.03609972546130997)
(282,0.0359805156992183)
(283,0.03592875957750444)
(284,0.035887586042580126)
(285,0.035846557306413736)
(286,0.03582434608333271)
(287,0.035810996254015785)
(288,0.03577868045735111)
(289,0.03571832134783778)
(290,0.035617445168263914)
(291,0.035450145849670066)
(292,0.03526812855479428)
(293,0.03515868209930856)
(294,0.03513093373854104)
(295,0.03508463716764389)
(296,0.0350370001441049)
(297,0.03501464213182164)
(298,0.03496746328190211)
(299,0.03489909144712379)
(300,0.034746674710257955)
(301,0.03469002754511244)
(302,0.034651162094019375)
(303,0.034626607840709756)
(304,0.03461418663582324)
(305,0.034585536687373346)
(306,0.034554121153939056)
(307,0.03451472544367697)
(308,0.034499667920915134)
(309,0.03446777756739)
(310,0.03440395747149205)
(311,0.0342890763409895)
(312,0.03420248085382443)
(313,0.034092527842366147)
(314,0.03407110239306617)
(315,0.03403871495897871)
(316,0.03398448702142102)
(317,0.033912289427505765)
(318,0.03387996832913918)
(319,0.033857994955026144)
(320,0.033801860030949225)
(321,0.03374255589485748)
(322,0.03370710181316714)
(323,0.03367199173932143)
(324,0.03364761216485662)
(325,0.033594724765811775)
(326,0.033563738159143264)
(327,0.03354096428786637)
(328,0.03350059242262344)
(329,0.03348166246651985)
(330,0.03344518044284269)
(331,0.03340125586815456)
(332,0.033338246415917254)
(333,0.03331391588195715)
(334,0.03328944808990002)
(335,0.03325574539433236)
(336,0.03323711400886089)
(337,0.03319920213842306)
(338,0.03317476789848311)
(339,0.03314187759880259)
(340,0.03310034375638521)
(341,0.033083061219300935)
(342,0.03306953116023703)
(343,0.03301361067431091)
(344,0.032929479347034274)
(345,0.03286539886254638)
(346,0.032847651107011495)
(347,0.03282031291359655)
(348,0.03278661148919249)
(349,0.03272801347438086)
(350,0.03270291379447382)
(351,0.0326923325266705)
(352,0.03265775154593329)
(353,0.032642260337645376)
(354,0.03261561826436695)
(355,0.03259288270656036)
(356,0.03258089767576389)
(357,0.032552750071821866)
(358,0.03249586310834407)
(359,0.032393776387328446)
(360,0.03236924416685108)
(361,0.03235004174804847)
(362,0.03232821121662929)
(363,0.032317583702551174)
(364,0.03228458705808805)
(365,0.03221624909963083)
(366,0.03218997772921607)
(367,0.03217328666646989)
(368,0.03213444691037223)
(369,0.03208382721080128)
(370,0.032044430832540424)
(371,0.03202006892319089)
(372,0.03200514389574921)
(373,0.0319717135919808)
(374,0.03191643580533343)
(375,0.031866886153692174)
(376,0.03179048529425544)
(377,0.03177511043776319)
(378,0.031750630495014975)
(379,0.03171563800539609)
(380,0.031672059366149946)
(381,0.031652542975965745)
(382,0.03163977734537881)
(383,0.03161440413377507)
(384,0.03159917400483084)
(385,0.03157278444570831)
(386,0.0315399167793064)
(387,0.0315152522431929)
(388,0.03148719893562311)
(389,0.031464691958296244)
(390,0.03145226840229739)
(391,0.03143604215177965)
(392,0.031420748275221164)
(393,0.03141270308659457)
(394,0.031394033929110075)
(395,0.031369840574688335)
(396,0.03134767645373731)
(397,0.031337868303726375)
(398,0.031316763191389804)
(399,0.03127426400214764)
(400,0.03119470785659565)
(401,0.03115893391456344)
(402,0.03112569562249247)
(403,0.031098271273665552)
(404,0.031076654368312615)
(405,0.03106035902329845)
(406,0.031038962750801622)
(407,0.030998712875107106)
(408,0.03094377286811524)
(409,0.030900972614260277)
(410,0.030849445926314417)
(411,0.030819486634300047)
(412,0.030808993647793433)
(413,0.030789330886807527)
(414,0.030753555811717206)
(415,0.030738769271451714)
(416,0.030722586909000666)
(417,0.030695369487559288)
(418,0.03068429939383906)
(419,0.0306627735290561)
(420,0.030621882731629753)
(421,0.030545682206105377)
(422,0.030517657799708237)
(423,0.030505686724593185)
(424,0.03048248477613149)
(425,0.030450716923817088)
(426,0.030417810934806295)
(427,0.03039855545434605)
(428,0.030388722139541538)
(429,0.030379437068976545)
(430,0.030374340364487756)
(431,0.03036303016056862)
(432,0.030343085339054714)
(433,0.030306056014589744)
(434,0.03029753830713373)
(435,0.030254695690879133)
(436,0.03023045153336276)
(437,0.030218261825256502)
(438,0.030189256896493585)
(439,0.030140499682629267)
(440,0.030129151973905012)
(441,0.030103782482629123)
(442,0.030092516644529686)
(443,0.0300838018158362)
(444,0.030081183473617476)
(445,0.03005798478010494)
(446,0.030010607682353137)
(447,0.02997443064581633)
(448,0.02995290713168132)
(449,0.02994316514311181)
(450,0.02993763958178568)
(451,0.02989980136211653)
(452,0.029875569064587833)
(453,0.02985607603608964)
(454,0.02983828961699006)
(455,0.02982710417434262)
(456,0.029798558951685032)
(457,0.029756177910871946)
(458,0.029711926510521524)
(459,0.029701388898548585)
(460,0.029689760252898465)
(461,0.029670183766929446)
(462,0.029662575383135614)
(463,0.029646644021887977)
(464,0.029615308628880555)
(465,0.02956179911945824)
(466,0.02954198585035664)
(467,0.02952378617133084)
(468,0.029511881362778096)
(469,0.02949593417420435)
(470,0.0294749455004519)
(471,0.02946543877217693)
(472,0.0294464796128844)
(473,0.029411069705181515)
(474,0.02935109149873178)
(475,0.029320726178566587)
(476,0.029310515373252747)
(477,0.029295892380140888)
(478,0.02926583738204616)
(479,0.029208194216489833)
(480,0.029177826749850762)
(481,0.029164645841487355)
(482,0.029158220759412948)
(483,0.029143471353898134)
(484,0.02913063858821039)
(485,0.029109236944649147)
(486,0.02910165663742931)
(487,0.02908886541817105)
(488,0.029064561082299177)
(489,0.029024966135205554)
(490,0.028938400028437273)
(491,0.02890447003491446)
(492,0.028889636731995915)
(493,0.028877347215904143)
(494,0.02885864238797928)
(495,0.02884523093714513)
(496,0.02883920115731554)
(497,0.028825341856526347)
(498,0.028797651070178412)
(499,0.028756969820588014)
(500,0.02874486100752808)
(501,0.02873090895844606)
(502,0.02871927592711147)
(503,0.028712665066150854)
(504,0.02870182842634347)
(505,0.028683792502904523)
(506,0.028641549539506272)
(507,0.02857417909716174)
(508,0.028519033562647463)
(509,0.028438648545020206)
(510,0.028414448853476177)
(511,0.028400015059577774)
(512,0.02838873206400774)
(513,0.02838231219208857)
(514,0.028367159637620258)
(515,0.0283442523275771)
(516,0.02832991800548784)
(517,0.02832223058380582)
(518,0.02830863525115963)
(519,0.028294174040285416)
(520,0.028263352709476018)
(521,0.028252439944406328)
(522,0.02822775464281309)
(523,0.028216572172558983)
(524,0.02819767071529175)
(525,0.02817934902429307)
(526,0.028170232027751412)
(527,0.02815569430180198)
(528,0.028140402444783056)
(529,0.028133104137034345)
(530,0.028120442596277564)
(531,0.0281002207621659)
(532,0.028077230350657206)
(533,0.02806845114564821)
(534,0.028048937734412263)
(535,0.028010947236671125)
(536,0.027996859401609803)
(537,0.027982455177227108)
(538,0.027952059390446597)
(539,0.02790469480374333)
(540,0.027889131608782935)
(541,0.02788063031010192)
(542,0.02786777746698188)
(543,0.027857387057593767)
(544,0.027855076474513813)
(545,0.027844992909241407)
(546,0.027817028297310104)
(547,0.027804718813358973)
(548,0.027797486921856036)
(549,0.02778239327964707)
(550,0.027766086072105987)
(551,0.0277455872941876)
(552,0.02773441497366885)
(553,0.027727600502731188)
(554,0.02771185637201062)
(555,0.027685833588048964)
(556,0.027669162168021195)
(557,0.027660326159214342)
(558,0.027654761121031782)
(559,0.027641497569124505)
(560,0.027618031649011027)
(561,0.02760474998831536)
(562,0.0275722387231178)
(563,0.027555031283925238)
(564,0.027546241274373977)
(565,0.027533804413905433)
(566,0.02751794274262668)
(567,0.027510197035430266)
(568,0.027501149998866728)
(569,0.027478304662556803)
(570,0.02746706386064919)
(571,0.02746263427937101)
(572,0.027456812656181374)
(573,0.02744879178611106)
(574,0.02744500345785217)
(575,0.027440704787513842)
(576,0.027432225572252212)
(577,0.02740395979872417)
(578,0.02739328348421177)
(579,0.027384186247107183)
(580,0.027377703002967088)
(581,0.02737312203794136)
(582,0.02737042477069385)
(583,0.027364356195238873)
(584,0.027353617058238713)
(585,0.02733360902498332)
(586,0.02732473767023051)
(587,0.027319612984631904)
(588,0.02730951671251499)
(589,0.02728900084557455)
(590,0.027261138025888785)
(591,0.027213063272416953)
(592,0.027209033830087787)
(593,0.027178005194612147)
(594,0.027153162441403412)
(595,0.02714145376779553)
(596,0.027132156077651563)
(597,0.027102528932141202)
(598,0.02708891781690355)
(599,0.02706641230031737)
(600,0.02702591129327513)
(601,0.026971590215463366)
(602,0.02695318002494056)
(603,0.026942285772886237)
(604,0.026929386118628832)
(605,0.026913037336058515)
(606,0.026906375542229032)
(607,0.0268944268246952)
(608,0.026876238749829258)
(609,0.026849301733875675)
(610,0.02678696987079168)
(611,0.026759060681450328)
(612,0.026746540447503932)
(613,0.026737887801030733)
(614,0.026724827643331957)
(615,0.0267120431857305)
(616,0.026701652255470117)
(617,0.026683416558378283)
(618,0.02667624776797928)
(619,0.026667269231507414)
(620,0.026654777372274962)
(621,0.026649146305092044)
(622,0.02663647163582391)
(623,0.026606623818261833)
(624,0.026565680041880202)
(625,0.026540944872425396)
(626,0.026528460574620154)
(627,0.02651819272121796)
(628,0.026511663794881533)
(629,0.026500818458591327)
(630,0.026493996495365255)
(631,0.02649020731881747)
(632,0.026481061354931366)
(633,0.02646374731430993)
(634,0.026433905943610257)
(635,0.026424370399050552)
(636,0.02640384794779563)
(637,0.026386258993767703)
(638,0.026353952466879785)
(639,0.026345904800302113)
(640,0.02634040031838768)
(641,0.026332413101000395)
(642,0.026325406375432195)
(643,0.026313639463477468)
(644,0.02630684086249333)
(645,0.026302584682003288)
(646,0.026292973397467816)
(647,0.02627734274929697)
(648,0.02626771321239025)
(649,0.02626232044392476)
(650,0.026249458758885826)
(651,0.026229427864330024)
(652,0.02621928048184466)
(653,0.026198698549238106)
(654,0.026165849824730403)
(655,0.02615261915556114)
(656,0.02614583282757184)
(657,0.02614152236083581)
(658,0.026131978452706848)
(659,0.02611593532900129)
(660,0.026089967579382235)
(661,0.026035969295133018)
(662,0.026026316227661456)
(663,0.026013195143400746)
(664,0.026008615810793164)
(665,0.026002022850000032)
(666,0.025992531989879736)
(667,0.025976241167488635)
(668,0.025970317655962097)
(669,0.02596156844893742)
(670,0.025943387505794214)
(671,0.025931557242515044)
(672,0.025919461877521945)
(673,0.025913996211829392)
(674,0.025906406751438793)
(675,0.025897001603995027)
(676,0.025892682403432375)
(677,0.02588501139408501)
(678,0.02587276814608599)
(679,0.025859822435445642)
(680,0.02585359872652495)
(681,0.025849067031875117)
(682,0.025837638761679327)
(683,0.025831317153482962)
(684,0.025827697447062724)
(685,0.0258163205597884)
(686,0.0258123640215884)
(687,0.025804542293777457)
(688,0.02579484459370825)
(689,0.02576864001677071)
(690,0.025753715939556575)
(691,0.025744321910775143)
(692,0.02573897339559624)
(693,0.025727664532234292)
(694,0.02571290104706946)
(695,0.02569952393821653)
(696,0.025689818699362498)
(697,0.025684285756921804)
(698,0.02567614162127732)
(699,0.025667023231004973)
(700,0.025662646986715304)
(701,0.025655240977892638)
(702,0.025644627292168667)
(703,0.025631397992499708)
(704,0.025602685081109074)
(705,0.025597338440554382)
(706,0.025596382086394167)
(707,0.025588108345414584)
(708,0.02554742602852741)
(709,0.025533406457122477)
(710,0.025524095024004063)
(711,0.02551785231125043)
(712,0.02550664585125796)
(713,0.02549638861624983)
(714,0.025476734319461566)
(715,0.025454848888879267)
(716,0.025448190232196247)
(717,0.025444088151993158)
(718,0.025440544315129463)
(719,0.025438369694723517)
(720,0.02543391112362497)
(721,0.02542621210133341)
(722,0.02541284319809102)
(723,0.02540465804490557)
(724,0.02540048801006844)
(725,0.025397003532534622)
(726,0.02539466403336624)
(727,0.025391632812353224)
(728,0.025386289158065584)
(729,0.025369025354166384)
(730,0.025361394478029556)
(731,0.02535658647093877)
(732,0.025352019244283912)
(733,0.02534920583736691)
(734,0.0253485188843576)
(735,0.025346232546588004)
(736,0.025333213103379163)
(737,0.025313958780363095)
(738,0.025308306002632272)
(739,0.025302979987957396)
(740,0.02529938154984304)
(741,0.025297253263201473)
(742,0.025292440243730844)
(743,0.02528432587208977)
(744,0.02527173928028747)
(745,0.025259126027850173)
(746,0.025253316020465776)
(747,0.02524906124131566)
(748,0.025234451310131883)
(749,0.02522533230594911)
(750,0.025220950085058848)
(751,0.025185697588963073)
(752,0.02516892881916427)
(753,0.025159832076843754)
(754,0.025156309375379073)
(755,0.025148715608809522)
(756,0.025137683025106168)
(757,0.02513205927263494)
(758,0.025123307143092775)
(759,0.0251169627330417)
(760,0.02510288826831459)
(761,0.025073753624365782)
(762,0.02506561403968486)
(763,0.025060606417700696)
(764,0.025055749905437963)
(765,0.025050213073980258)
(766,0.025042883421607487)
(767,0.025029667938869214)
(768,0.0250161788654583)
(769,0.024981042467459736)
(770,0.024959994969715044)
(771,0.024953174830006582)
(772,0.024948964581090367)
(773,0.02494319683640295)
(774,0.02493670750117632)
(775,0.02493375653125911)
(776,0.024927917016323756)
(777,0.024916161458645274)
(778,0.02489356323435617)
(779,0.024887082333658946)
(780,0.024880960503074173)
(781,0.0248763024324291)
(782,0.024873390279303218)
(783,0.02486660419331587)
(784,0.0248539777036034)
(785,0.024836888236828784)
(786,0.024827749271577052)
(787,0.02482459404840013)
(788,0.02482070163544286)
(789,0.024812607460313663)
(790,0.02479390569275513)
(791,0.02476693751102919)
(792,0.024751226194827017)
(793,0.024742748968807973)
(794,0.024739281421761086)
(795,0.02473671517124236)
(796,0.024729227653170524)
(797,0.024726631700414357)
(798,0.024721673602890983)
(799,0.024711942262601826)
(800,0.024691644499099222)
(801,0.02468607497100682)
(802,0.024677893646010425)
(803,0.024668509947997637)
(804,0.024665408230901173)
(805,0.024659687922960142)
(806,0.024656173150674705)
(807,0.02464929511755494)
(808,0.024637093839155008)
(809,0.024617350173916544)
(810,0.024583234396157894)
(811,0.024572599576796562)
(812,0.024568229342370518)
(813,0.024561547107305497)
(814,0.024553428089267828)
(815,0.024548288620729476)
(816,0.0245457956612665)
(817,0.024540289057970722)
(818,0.024529619812039567)
(819,0.024509992147190608)
(820,0.024499229484653304)
(821,0.024485525699437263)
(822,0.024469549212485765)
(823,0.024465790823746975)
(824,0.024459331141728363)
(825,0.024455629529350223)
(826,0.02445027970458892)
(827,0.024444822979603324)
(828,0.024442453101202986)
(829,0.02443659939579735)
(830,0.024425618271193942)
(831,0.024407821018955084)
(832,0.0244015133134386)
(833,0.024387760799915243)
(834,0.024381919647576338)
(835,0.024377536564312716)
(836,0.02437223527453346)
(837,0.02436886895161501)
(838,0.024366782602710677)
(839,0.024361616571113676)
(840,0.024352276593433544)
(841,0.024340511910062448)
(842,0.024331358323337823)
(843,0.02432692524661402)
(844,0.024319055673789648)
(845,0.024313066592173305)
(846,0.024309195835181076)
(847,0.024305529207708756)
(848,0.024297850804526393)
(849,0.02429463218558996)
(850,0.024290646911678326)
(851,0.024283304387769288)
(852,0.024263997931959266)
(853,0.024253929300626025)
(854,0.02424873352197166)
(855,0.024244910888750363)
(856,0.024243018603429867)
(857,0.024238757947297226)
(858,0.024233608622574735)
(859,0.024228325273539107)
(860,0.02422603338357307)
(861,0.02422062038776754)
(862,0.024213882904305355)
(863,0.024207176752500163)
(864,0.024204018909058572)
(865,0.02419860475650957)
(866,0.024188582553448933)
(867,0.02417833682992831)
(868,0.024163261867252223)
(869,0.02413669818518662)
(870,0.02412609138166046)
(871,0.024121174076753883)
(872,0.024109391668147368)
(873,0.024105786117414655)
(874,0.024098165863710677)
(875,0.024094184244610208)
(876,0.024091711729085148)
(877,0.02408594384003282)
(878,0.024076108731229794)
(879,0.024071251424284457)
(880,0.02406823576728955)
(881,0.02406142653385052)
(882,0.024052645635370757)
(883,0.024045101002274628)
(884,0.024040568400633556)
(885,0.024037768024826985)
(886,0.02403154274012591)
(887,0.02402242511406104)
(888,0.024016108065814973)
(889,0.02401169214129586)
(890,0.024009042201263757)
(891,0.02400343932861334)
(892,0.02399368507532766)
(893,0.023987929822170777)
(894,0.023984399678745483)
(895,0.02398202615127877)
(896,0.023976515571608917)
(897,0.023970178035305333)
(898,0.023963597550768996)
(899,0.02396185286805862)
(900,0.023951347432794593)
(901,0.023945458102782688)
(902,0.02394271586396221)
(903,0.023937577417561102)
(904,0.023934144116613494)
(905,0.0239288006051335)
(906,0.023924354570277986)
(907,0.023921751215103006)
(908,0.023917679168328647)
(909,0.023914364935382872)
(910,0.023906349289600403)
(911,0.023899965422696404)
(912,0.023897000531864103)
(913,0.023894191511787108)
(914,0.023888998808475188)
(915,0.02388698420673886)
(916,0.02388298210998477)
(917,0.02387733293738816)
(918,0.023861834125044567)
(919,0.023854595830793808)
(920,0.02384148639857339)
(921,0.023839001808183363)
(922,0.02383274309093906)
(923,0.023823977103864313)
(924,0.02381746242074353)
(925,0.02381370119793822)
(926,0.023803935390932736)
(927,0.02379463257843015)
(928,0.023784786549033272)
(929,0.023779129455000315)
(930,0.023769000195978725)
(931,0.023758299483480523)
(932,0.023726168323426194)
(933,0.023693916678072812)
(934,0.02368716359603734)
(935,0.023685229128518098)
(936,0.023671778222265565)
(937,0.02366884176642698)
(938,0.0236635367890992)
(939,0.02365378336050715)
(940,0.02364013932813823)
(941,0.023635015485955573)
(942,0.02363184512959748)
(943,0.02362435935182834)
(944,0.023610502917641073)
(945,0.023588467584131512)
(946,0.023582552799757885)
(947,0.023579432128368875)
(948,0.023577109920412676)
(949,0.023572363082421787)
(950,0.023569475625164416)
(951,0.023564259319915067)
(952,0.02356086523120423)
(953,0.02355879132944537)
(954,0.02355451245358865)
(955,0.023548005883925905)
(956,0.023542209918052042)
(957,0.02353950360589143)
(958,0.023533442729497422)
(959,0.023521639635702078)
(960,0.02351719513821001)
(961,0.02351295180939406)
(962,0.023508607834403665)
(963,0.02350182077994426)
(964,0.023496392301552763)
(965,0.023494091957025284)
(966,0.023490317293301425)
(967,0.023487291758511032)
(968,0.023482706432931603)
(969,0.023479042288554856)
(970,0.023477066085730344)
(971,0.023472730147762105)
(972,0.02346603036262734)
(973,0.023461185548575472)
(974,0.02345853825028809)
(975,0.02345355115550157)
(976,0.02344745265826989)
(977,0.023441311191707566)
(978,0.023435085526621373)
(979,0.023432590934445833)
(980,0.023427729909379608)
(981,0.023419789569149366)
(982,0.02341392866993018)
(983,0.023410118710996766)
(984,0.02340781574100419)
(985,0.023403240874381278)
(986,0.023396289692364992)
(987,0.02339001303294768)
(988,0.02338673814485213)
(989,0.023384568548118514)
(990,0.023380154386325333)
(991,0.023377521112798845)
(992,0.02337333096328056)
(993,0.02336976900278913)
(994,0.02336066759596848)
(995,0.023355755341310944)
(996,0.023353328974286148)
(997,0.023348000551029802)
(998,0.02334532119839325)
(999,0.023341203022523127)
(1000,0.02333358533568329)
(1,1.3311368840160962)
(2,0.9288696101716528)
(3,0.7749604931772844)
(4,0.6942023329892042)
(5,0.6398634825568443)
(6,0.5941335069824056)
(7,0.5499435392614082)
(8,0.5055652458391569)
(9,0.45884686800905244)
(10,0.4149112885540156)
(11,0.37055959776863284)
(12,0.35795403615605614)
(13,0.315921544297288)
(14,0.3052958889687386)
(15,0.2884161464439038)
(16,0.2747203653903467)
(17,0.25188004890381344)
(18,0.23774766911991382)
(19,0.2227868635454695)
(20,0.20963610206949226)
(21,0.20234375945318728)
(22,0.198904431715164)
(23,0.19455903580008424)
(24,0.1900998808151109)
(25,0.18835411969575305)
(26,0.18543534474661194)
(27,0.18290462700205545)
(28,0.18199552055033846)
(29,0.17950637719653922)
(30,0.17659901383188129)
(31,0.17477301020599081)
(32,0.17308320953903003)
(33,0.17275208366763886)
(34,0.17238750441847495)
(35,0.1718075014140776)
(36,0.1715225477432394)
(37,0.17065030048008079)
(38,0.17091165480580062)
(39,0.16809865822096168)
(40,0.1680020537360111)
(41,0.16758846249066192)
(42,0.1674225139103606)
(43,0.16698777205202084)
(44,0.16582747560992822)
(45,0.16531486876236096)
(46,0.16405582807055108)
(47,0.16404400639676597)
(48,0.16403294626743328)
(49,0.1636621468865635)
(50,0.16407814737341486)
(51,0.16365974979229078)
(52,0.1626958456088957)
(53,0.16257029994026345)
(54,0.1625362687279753)
(55,0.16246081058334932)
(56,0.16244484250338764)
(57,0.1622054954597679)
(58,0.16132156073560186)
(59,0.16156363602578805)
(60,0.16097872749632475)
(61,0.16108303491203146)
(62,0.161128374091919)
(63,0.16138652533505238)
(64,0.16126730649560478)
(65,0.16101298590428192)
(66,0.1603290440966037)
(67,0.1586426595728898)
(68,0.15977845481477304)
(69,0.15862718470182757)
(70,0.15925369081355667)
(71,0.15892828384584465)
(72,0.15896530160176692)
(73,0.15898257240647817)
(74,0.1588853386454442)
(75,0.15851112688118923)
(76,0.15778646254526277)
(77,0.1583325293254135)
(78,0.15817947681266684)
(79,0.15780247748367499)
(80,0.15798559952595234)
(81,0.15796387347099725)
(82,0.1579597268338351)
(83,0.15812041032807517)
(84,0.1576598801330904)
(85,0.15800291272236477)
(86,0.15781170545205325)
(87,0.15735182365191805)
(88,0.15729731812110062)
(89,0.15760528516847305)
(90,0.15757843762498408)
(91,0.15760248690255063)
(92,0.15763751231958742)
(93,0.15766267287161956)
(94,0.15738384326945618)
(95,0.15716374577658032)
(96,0.15727457644662243)
(97,0.15723832232182744)
(98,0.15730098308051568)
(99,0.15732153337088614)
(100,0.15725534775933397)
(101,0.15711456545043362)
(102,0.15680857593789285)
(103,0.1567952730014265)
(104,0.15692092827069362)
(105,0.15689273047683974)
(106,0.1569384641705694)
(107,0.15708490894326654)
(108,0.15702505818982154)
(109,0.15686496644730274)
(110,0.15663618038204952)
(111,0.15677519231917622)
(112,0.15684767769304972)
(113,0.1571549469293369)
(114,0.15703874858161362)
(115,0.1566856043487253)
(116,0.1567373404157485)
(117,0.15699061869582204)
(118,0.1567768028798625)
(119,0.15628116759142807)
(120,0.15713954303082017)
(121,0.15678897930412597)
(122,0.15686084068613954)
(123,0.15711552768616271)
(124,0.15704837688678913)
(125,0.15665321912225472)
(126,0.15682322379724)
(127,0.15720806265344692)
(128,0.1569233682888544)
(129,0.15706700962574147)
(130,0.1573821152605826)
(131,0.15723121715622562)
(132,0.15707135711955847)
(133,0.15668757484488613)
(134,0.15694994785416064)
(135,0.15686823836359312)
(136,0.15685255781963003)
(137,0.15693565946782168)
(138,0.15736880832797392)
(139,0.15730702885556877)
(140,0.15745943835237583)
(141,0.157479196955762)
(142,0.15756601134807763)
(143,0.15785389489238885)
(144,0.1574400457635251)
(145,0.15776350288182878)
(146,0.15762208634270758)
(147,0.15762864517646213)
(148,0.15762243869068374)
(149,0.15755424057803652)
(150,0.15750635740960345)
(151,0.1575175899519939)
(152,0.15762612194313202)
(153,0.15695506769435533)
(154,0.15748018691614532)
(155,0.15704462880036868)
(156,0.15725689546612953)
(157,0.15716278917895038)
(158,0.15702684212934276)
(159,0.15700174218977075)
(160,0.15733400612707896)
(161,0.1579705175758867)
(162,0.15767566415588696)
(163,0.15785156268758413)
(164,0.15770670064137168)
(165,0.1577781596104617)
(166,0.1577460018301791)
(167,0.15767260411163064)
(168,0.1576703589787631)
(169,0.15769418921998807)
(170,0.15783283715590576)
(171,0.1577099468659166)
(172,0.1577159659268773)
(173,0.15771876880709534)
(174,0.15771446496445904)
(175,0.15768469109279537)
(176,0.1576886639999503)
(177,0.15761795475355586)
(178,0.15764608004431327)
(179,0.15754538640930724)
(180,0.15743616889889356)
(181,0.1570838235367755)
(182,0.15708470292177393)
(183,0.15711571769521784)
(184,0.15672135883338506)
(185,0.1570366002203215)
(186,0.1569374357938777)
(187,0.15687134800227057)
(188,0.15691128433560234)
(189,0.1570725135158137)
(190,0.1568238639653936)
(191,0.15681184736347872)
(192,0.15689160390435392)
(193,0.15683512717504045)
(194,0.1568329945147644)
(195,0.15685255522652425)
(196,0.15684068309375132)
(197,0.15683656393565926)
(198,0.15690765389522765)
(199,0.15702812543265696)
(200,0.15696309300508138)
(201,0.156996454947255)
(202,0.15692213702599364)
(203,0.15693731064564664)
(204,0.15702241635274086)
(205,0.15687388703722713)
(206,0.15689370467022043)
(207,0.15694598964513382)
(208,0.15697856996037152)
(209,0.15685078070556263)
(210,0.1569211783674779)
(211,0.15684122895615674)
(212,0.15691292948787167)
(213,0.1568361439088787)
(214,0.15682415010638803)
(215,0.15682745924303254)
(216,0.15683400352409577)
(217,0.1568524463323516)
(218,0.15684503329584773)
(219,0.15687021517362523)
(220,0.15686436569199602)
(221,0.15686639553113288)
(222,0.15687011715710183)
(223,0.15687961038573867)
(224,0.1568749843448634)
(225,0.15696550206108187)
(226,0.1569105831368041)
(227,0.1568910444262073)
(228,0.15690275116072916)
(229,0.15692016369003037)
(230,0.15707854989691314)
(231,0.15760235958013405)
(232,0.15765679428058324)
(233,0.15770485504679163)
(234,0.15764737189423716)
(235,0.15765415987596884)
(236,0.15766415241296036)
(237,0.1576683583007752)
(238,0.15766268904481742)
(239,0.15777218490652575)
(240,0.15773254776247506)
(241,0.15773392095460834)
(242,0.15774668062256644)
(243,0.15775353303104522)
(244,0.1577264825165292)
(245,0.15773015988706524)
(246,0.15772873782842653)
(247,0.15771789323944513)
(248,0.15767824249568732)
(249,0.15773578689025783)
(250,0.15769481411382277)
(251,0.1577278268807004)
(252,0.15771693354059038)
(253,0.15767545149508416)
(254,0.15770617478193832)
(255,0.15769548222199448)
(256,0.1576713189346145)
(257,0.15764399120656328)
(258,0.15757527789644768)
(259,0.1574629291611738)
(260,0.15726922854848635)
(261,0.15729391853877897)
(262,0.15731489688254766)
(263,0.15734655237171424)
(264,0.1573614004709027)
(265,0.15731563624483583)
(266,0.15727340772155715)
(267,0.15731116470545342)
(268,0.15738415792742433)
(269,0.15740709547051387)
(270,0.15730725750472385)
(271,0.15728980835374068)
(272,0.15728341220370903)
(273,0.15724622566172902)
(274,0.1572450581994411)
(275,0.15724059927980363)
(276,0.15723725067933697)
(277,0.15710228045921545)
(278,0.15715229605133332)
(279,0.157160282880586)
(280,0.15716464660622173)
(281,0.15716533943012787)
(282,0.157132514045781)
(283,0.1571328110294806)
(284,0.15706344735636812)
(285,0.15709939193568048)
(286,0.15707679864262178)
(287,0.15707456511313547)
(288,0.1570667026560669)
(289,0.15705032114158352)
(290,0.15699142004501962)
(291,0.15689235271242707)
(292,0.1567787774669843)
(293,0.15675185293684418)
(294,0.15676510911142968)
(295,0.15678978775617586)
(296,0.1567699912105851)
(297,0.15676293541728328)
(298,0.1567473766123501)
(299,0.15673588660383825)
(300,0.15670202143561826)
(301,0.1567214288060563)
(302,0.156698357742239)
(303,0.15671500965934354)
(304,0.1567211238320897)
(305,0.1567477483874012)
(306,0.15680055672005852)
(307,0.15677706967887373)
(308,0.15678546864444803)
(309,0.15680631715263696)
(310,0.1568438169781143)
(311,0.15686748277878654)
(312,0.15687112324423177)
(313,0.15690442993481504)
(314,0.1569103534432434)
(315,0.15691750887219316)
(316,0.15693941457288438)
(317,0.15683722674542208)
(318,0.15683797636588107)
(319,0.1567680687051112)
(320,0.15643403212806337)
(321,0.15625315783193014)
(322,0.15627648409522368)
(323,0.15626854665334988)
(324,0.1562607029031717)
(325,0.1562909352903948)
(326,0.15653030164381862)
(327,0.156999261603525)
(328,0.1569675052501997)
(329,0.1569555583215273)
(330,0.156884135674094)
(331,0.15653051466944123)
(332,0.15673763886619288)
(333,0.15647071505472165)
(334,0.15637564182715222)
(335,0.15637477712618933)
(336,0.15638006426233705)
(337,0.15640464264270593)
(338,0.15641113214281743)
(339,0.15642672428332358)
(340,0.15669026552781498)
(341,0.15648432913715063)
(342,0.15642912000114456)
(343,0.15645495498312137)
(344,0.15651408514327106)
(345,0.15642137757554608)
(346,0.15644713868059154)
(347,0.15649961387819505)
(348,0.15694031657168753)
(349,0.15654872842605763)
(350,0.15679968685467627)
(351,0.15717790230554135)
(352,0.15719562102069515)
(353,0.15720539177630957)
(354,0.15722097080770134)
(355,0.15719955891504067)
(356,0.1571995858211371)
(357,0.15719300701726457)
(358,0.15713182620298752)
(359,0.15671277001483544)
(360,0.15695662502621688)
(361,0.1566185913739352)
(362,0.15686328481025896)
(363,0.15721763648749779)
(364,0.15721259167447313)
(365,0.15724941219135913)
(366,0.1572202747233299)
(367,0.15721908169424417)
(368,0.15722793710686875)
(369,0.1572851612571666)
(370,0.15727127334363844)
(371,0.15729337802066978)
(372,0.1572955752579156)
(373,0.1572902550880093)
(374,0.15726052085732425)
(375,0.15704485608128885)
(376,0.15719694043784227)
(377,0.15720944055855982)
(378,0.15723365377680204)
(379,0.15727720481043023)
(380,0.1572247498569356)
(381,0.157277656865331)
(382,0.1572960021595605)
(383,0.15732058867327994)
(384,0.1572740456116948)
(385,0.15718974317624385)
(386,0.15719970599727032)
(387,0.1572086641890191)
(388,0.1571836240471477)
(389,0.15719935701692606)
(390,0.15724846094846556)
(391,0.15730062175811424)
(392,0.15728896413675944)
(393,0.15728626548700622)
(394,0.1572754087461606)
(395,0.15722560442514413)
(396,0.15727634665589607)
(397,0.1572748237738465)
(398,0.1572669342170259)
(399,0.15725327790210905)
(400,0.15719989912663138)
(401,0.15683141647768084)
(402,0.15654410133137608)
(403,0.15663085235911822)
(404,0.15658315988899155)
(405,0.1565929255909619)
(406,0.15661037639873532)
(407,0.15671508554755442)
(408,0.15722419834328058)
(409,0.157353509096372)
(410,0.1572997111521164)
(411,0.15735876241942734)
(412,0.1573518745012452)
(413,0.1573391886562841)
(414,0.15733327629359894)
(415,0.15733205467066652)
(416,0.15733292728701)
(417,0.1573535075555191)
(418,0.15734796074275922)
(419,0.15734116003325047)
(420,0.15736408794237378)
(421,0.15732808197746279)
(422,0.1573780293216046)
(423,0.15734454550637036)
(424,0.1572088648136817)
(425,0.15677123697228654)
(426,0.15719124526528036)
(427,0.15684148079541962)
(428,0.15697781324971727)
(429,0.15688391095506177)
(430,0.15691418088787049)
(431,0.15699738438274613)
(432,0.15707935383185712)
(433,0.15687503130151162)
(434,0.15666979488709282)
(435,0.15662359996060068)
(436,0.1566675240153236)
(437,0.1566589105332263)
(438,0.15665254285406788)
(439,0.15698585696968798)
(440,0.1567415714898022)
(441,0.1569619345780554)
(442,0.1567981085936602)
(443,0.15693855188810518)
(444,0.1573161836951808)
(445,0.15734794828717835)
(446,0.15731466827313528)
(447,0.15719270682306302)
(448,0.1567846001957707)
(449,0.1569997908689175)
(450,0.15735523427856715)
(451,0.15739599477029145)
(452,0.1573666604246091)
(453,0.1572989380346055)
(454,0.15708591105418818)
(455,0.15674731014068544)
(456,0.1567945298622466)
(457,0.15691208869986648)
(458,0.15685174005820235)
(459,0.1568547622986035)
(460,0.15684379107437682)
(461,0.1568554172219031)
(462,0.1568541019074045)
(463,0.1568463314869872)
(464,0.15683030973979087)
(465,0.15678632299309145)
(466,0.15684413383700932)
(467,0.15682418541145154)
(468,0.15682595111107522)
(469,0.15683872143962846)
(470,0.1568560742024319)
(471,0.15685230010375187)
(472,0.156850163840588)
(473,0.15688364347219128)
(474,0.15686497640500247)
(475,0.15695266149553014)
(476,0.15693847507249253)
(477,0.15691125922012955)
(478,0.15692646771411362)
(479,0.1569644436399409)
(480,0.15697553177127396)
(481,0.15699021691755874)
(482,0.15699402489964998)
(483,0.1569992888936925)
(484,0.15700038375115521)
(485,0.15699747548268672)
(486,0.15700502289242638)
(487,0.15701210905042598)
(488,0.15700665455146287)
(489,0.1569668192656272)
(490,0.15693419502498523)
(491,0.1569939046695128)
(492,0.1569504954242524)
(493,0.15695929909051345)
(494,0.156980141971107)
(495,0.15698372616933196)
(496,0.15698677975153494)
(497,0.15699368723783724)
(498,0.1569965675195916)
(499,0.15699569021971893)
(500,0.15701268639783314)
(501,0.1570069371920845)
(502,0.15702597176809224)
(503,0.15702559959972567)
(504,0.157020087308411)
(505,0.15701686294395553)
(506,0.15707427743430932)
(507,0.15707236000158545)
(508,0.15717440124042145)
(509,0.15712552239058195)
(510,0.1572372382971859)
(511,0.157197309596217)
(512,0.15723050793285656)
(513,0.15723035295247748)
(514,0.15723065258355884)
(515,0.15725911259838893)
(516,0.157234772832154)
(517,0.15724519414569071)
(518,0.15725595609395082)
(519,0.1572355881267009)
(520,0.15722941686493708)
(521,0.1572317422992557)
(522,0.15723895991359008)
(523,0.15722478927471092)
(524,0.15720070031309866)
(525,0.15723644668484515)
(526,0.1572276080991279)
(527,0.15721218219516422)
(528,0.15724315192049523)
(529,0.1572356784259828)
(530,0.15722251904506288)
(531,0.15723635887153267)
(532,0.15726329875404474)
(533,0.1572556129275938)
(534,0.15724927692447602)
(535,0.1572590828685269)
(536,0.15727053730937002)
(537,0.15730545739498406)
(538,0.15735795574780256)
(539,0.15728915564300247)
(540,0.15730771673173366)
(541,0.1573030444809913)
(542,0.15729846724858532)
(543,0.15731419008621284)
(544,0.1573337181206663)
(545,0.15731047529811437)
(546,0.1572675930004379)
(547,0.15728737480324426)
(548,0.15728181913541384)
(549,0.15727378482727872)
(550,0.15729708235604817)
(551,0.15733487450726835)
(552,0.15732634883557517)
(553,0.15733170301418742)
(554,0.15734424633845623)
(555,0.15735896889458387)
(556,0.1573447326250034)
(557,0.15736034906768545)
(558,0.15736268166929349)
(559,0.15736867581932712)
(560,0.15738553460569685)
(561,0.15745299250467498)
(562,0.1574312888442454)
(563,0.15743462712030412)
(564,0.15743541961510205)
(565,0.15743796064717494)
(566,0.15744549016016873)
(567,0.15744669187785557)
(568,0.15745040021574183)
(569,0.15749405005976996)
(570,0.1576680203460233)
(571,0.1576225170839658)
(572,0.15754430952521015)
(573,0.15771020489672175)
(574,0.1576446110678791)
(575,0.15753906227233522)
(576,0.15750377798927426)
(577,0.15777867728839653)
(578,0.15755660431686477)
(579,0.15781508140696537)
(580,0.15762438163337208)
(581,0.15770858033488508)
(582,0.1576885958897753)
(583,0.15764025994076172)
(584,0.15759930447617793)
(585,0.1576968237119364)
(586,0.1576729481726431)
(587,0.1577028026431293)
(588,0.15778020783195135)
(589,0.1577949740904294)
(590,0.15749662125935723)
(591,0.15747714340012264)
(592,0.1573764601839561)
(593,0.15751220712069164)
(594,0.15740025498591367)
(595,0.1574194228462649)
(596,0.15742807630122255)
(597,0.15727236300207165)
(598,0.15726199242613575)
(599,0.1572004518662642)
(600,0.1570191062448033)
(601,0.15687890862989154)
(602,0.15695209391628234)
(603,0.15692809516421113)
(604,0.15688466036338078)
(605,0.15695042310765098)
(606,0.15694124137004578)
(607,0.15692522991107485)
(608,0.15693208711555753)
(609,0.156885919826179)
(610,0.15693976149382294)
(611,0.1570082254829747)
(612,0.15698705168172902)
(613,0.156990730992861)
(614,0.15702633436715147)
(615,0.15704495115402609)
(616,0.15707203864281602)
(617,0.15705689286130248)
(618,0.15707090229736603)
(619,0.15708456719238076)
(620,0.1570784890932174)
(621,0.15708458467546488)
(622,0.1570940969382918)
(623,0.15710031138686442)
(624,0.1571057156350109)
(625,0.1571421330660372)
(626,0.15712764636043033)
(627,0.15712935661903332)
(628,0.15713071981222126)
(629,0.15713398796342334)
(630,0.15715330548830073)
(631,0.15715495233443844)
(632,0.15715610856611456)
(633,0.15716305778259018)
(634,0.15718873314741194)
(635,0.15718961769042666)
(636,0.15719002324176906)
(637,0.15716205816824041)
(638,0.15719744846005493)
(639,0.15721468360801244)
(640,0.15723008146328835)
(641,0.15727125667926317)
(642,0.15726345328640906)
(643,0.15725859970059333)
(644,0.15726358168930105)
(645,0.1572668683074507)
(646,0.1572714024930527)
(647,0.15726934013498442)
(648,0.15727828627040547)
(649,0.15728193513382932)
(650,0.15729277274425496)
(651,0.1573277008839533)
(652,0.15732340886214813)
(653,0.15732659135842647)
(654,0.15734941303129965)
(655,0.15736966271267264)
(656,0.15737888161891608)
(657,0.15738230878505333)
(658,0.1573923511379074)
(659,0.1574172415341372)
(660,0.157432311208027)
(661,0.15746716698249646)
(662,0.15744519228368434)
(663,0.15747485346525492)
(664,0.15747210998467487)
(665,0.15747054074315328)
(666,0.1575002485993026)
(667,0.1575253452132101)
(668,0.15751638614971503)
(669,0.15750604486577918)
(670,0.15752924876882513)
(671,0.1575620403115142)
(672,0.15754298765048946)
(673,0.1575536225137399)
(674,0.15756708851336573)
(675,0.1575537059424978)
(676,0.15755979846075635)
(677,0.15756781157773445)
(678,0.15756503506461053)
(679,0.1575615951325963)
(680,0.15756919576310716)
(681,0.15758553713850829)
(682,0.15759451837279864)
(683,0.15759627350782518)
(684,0.15760973509436269)
(685,0.15760274575559208)
(686,0.15760404070705314)
(687,0.15761060266453758)
(688,0.15761219962013598)
(689,0.15761089312260007)
(690,0.15763430993145164)
(691,0.15762515503273034)
(692,0.15763215546418183)
(693,0.15764657421662148)
(694,0.15767393595773752)
(695,0.15764997291109253)
(696,0.1576728712822665)
(697,0.15766814682583696)
(698,0.1576645664989801)
(699,0.1576900700155224)
(700,0.15768682747065368)
(701,0.15768523847415758)
(702,0.15771262406586575)
(703,0.15768882498517914)
(704,0.15776044336601244)
(705,0.15775131909200332)
(706,0.15773345078312143)
(707,0.15775221549826263)
(708,0.15779853115205406)
(709,0.15779992898211115)
(710,0.15781279890912422)
(711,0.15781136398902168)
(712,0.1578164899238668)
(713,0.15792726369194493)
(714,0.1584422286407585)
(715,0.15802963171181497)
(716,0.15810547135984238)
(717,0.15799775975797703)
(718,0.15807223635287257)
(719,0.1580480170486383)
(720,0.1579967548818694)
(721,0.15795926446685393)
(722,0.15811749516633888)
(723,0.15798690565418405)
(724,0.15814162679715055)
(725,0.15803273256219286)
(726,0.15807461299569076)
(727,0.15820251630088322)
(728,0.15832493262937702)
(729,0.15798861462842667)
(730,0.15822820515390343)
(731,0.1579909867882609)
(732,0.1581383211771094)
(733,0.15806926919043487)
(734,0.1579641921917317)
(735,0.1579348421636458)
(736,0.15817454735197886)
(737,0.15801148155304787)
(738,0.1582277511696555)
(739,0.15805876084757653)
(740,0.15813806309471343)
(741,0.158121086823633)
(742,0.15806881485743232)
(743,0.15803226718793353)
(744,0.15812698181785562)
(745,0.1580963186275003)
(746,0.15816390760992316)
(747,0.15836539399810778)
(748,0.15842384221972491)
(749,0.15795958791279302)
(750,0.15810955278473812)
(751,0.15797739052475063)
(752,0.15803788181519002)
(753,0.1580148609466747)
(754,0.1580125652598936)
(755,0.15800820817267425)
(756,0.15801337251810701)
(757,0.15801655900238237)
(758,0.15802791893995918)
(759,0.15805644528646653)
(760,0.1580799824035869)
(761,0.15806286696136768)
(762,0.1580556284556662)
(763,0.15806528099743822)
(764,0.15806527865537692)
(765,0.15806366873836747)
(766,0.15805062987910748)
(767,0.15803808785041487)
(768,0.15804600669029423)
(769,0.15801463758882653)
(770,0.15801754604603377)
(771,0.15802149542040766)
(772,0.15802352636260938)
(773,0.15802023662233944)
(774,0.15803355057690788)
(775,0.1580356376391579)
(776,0.15803900646748315)
(777,0.15804797000167972)
(778,0.1580769883130738)
(779,0.1580754378555788)
(780,0.15809551421075574)
(781,0.15809482519913137)
(782,0.15809662477918396)
(783,0.15810309537200104)
(784,0.1581230877330635)
(785,0.15812496345868288)
(786,0.15814366073199274)
(787,0.1581445678794945)
(788,0.1581486672483884)
(789,0.15817243589191804)
(790,0.15818929567202614)
(791,0.15823224629752244)
(792,0.15820906661982442)
(793,0.15823711776026322)
(794,0.15823499252848985)
(795,0.1582330309896513)
(796,0.15825118915631867)
(797,0.15825006634939004)
(798,0.15824709084116564)
(799,0.1582499101095863)
(800,0.1582720002863592)
(801,0.15829155330648503)
(802,0.1583274911863791)
(803,0.15831841571265948)
(804,0.1583178911880672)
(805,0.15830784489698166)
(806,0.1583135418916705)
(807,0.1583151450561828)
(808,0.15831751749151757)
(809,0.15831685246857588)
(810,0.15831240618339898)
(811,0.1583105140845524)
(812,0.15832597809819451)
(813,0.1583030691697968)
(814,0.15833474557492866)
(815,0.15833008025841924)
(816,0.158333846424115)
(817,0.1583411305642002)
(818,0.1583505212481988)
(819,0.15836808751492962)
(820,0.1584442232092369)
(821,0.15843795094069943)
(822,0.15842505323558007)
(823,0.15842822786839095)
(824,0.15842555191841337)
(825,0.158428561417523)
(826,0.15842971138687878)
(827,0.15843909657541352)
(828,0.15844001525588755)
(829,0.15844064175135703)
(830,0.15844559553348897)
(831,0.15846573849089066)
(832,0.15846543981675412)
(833,0.15846463504277414)
(834,0.15848255969744318)
(835,0.15847465984903933)
(836,0.15849908015828051)
(837,0.1584981291117682)
(838,0.15849873293927194)
(839,0.15850038613479125)
(840,0.15849856756066524)
(841,0.1584884607645084)
(842,0.15850774861882394)
(843,0.15850591740751138)
(844,0.15851275421495986)
(845,0.15852791529104562)
(846,0.15852148644288647)
(847,0.1585053717217588)
(848,0.15853236764173725)
(849,0.15852779297603084)
(850,0.15851848114370568)
(851,0.15851995628847326)
(852,0.15850921606534263)
(853,0.15856056879323616)
(854,0.15856538445069618)
(855,0.15856626761859235)
(856,0.15856639096026304)
(857,0.15856911291132345)
(858,0.15858597045673356)
(859,0.15857743794312057)
(860,0.15857733264443608)
(861,0.15857503460946715)
(862,0.15856453991107228)
(863,0.1585763344240996)
(864,0.15857731503779202)
(865,0.15857459557660358)
(866,0.1585627815663219)
(867,0.1585279088712397)
(868,0.15849598165769727)
(869,0.1585125602121107)
(870,0.1585309444553806)
(871,0.15853195522266464)
(872,0.15854623276192598)
(873,0.15855306185650664)
(874,0.1585734158170589)
(875,0.15856552834307164)
(876,0.15857004991642126)
(877,0.1585822144559941)
(878,0.15860912938611466)
(879,0.1586043305341642)
(880,0.15860875912404965)
(881,0.15861730735658774)
(882,0.1586167704067202)
(883,0.1586174301538462)
(884,0.15863177161887126)
(885,0.15863119221947933)
(886,0.15863294369907832)
(887,0.15865676339174872)
(888,0.1586717263995215)
(889,0.15866346863327765)
(890,0.15866783514302207)
(891,0.15867828888467783)
(892,0.15869316392290744)
(893,0.1586808094733156)
(894,0.1586914663935678)
(895,0.15869614992987635)
(896,0.15870519419856322)
(897,0.1587362661295106)
(898,0.15872551811066032)
(899,0.1587136855155623)
(900,0.15873372642748768)
(901,0.15873092724724178)
(902,0.15873525886170603)
(903,0.15875085902982555)
(904,0.15874584685037682)
(905,0.1587392109758611)
(906,0.1587516333391968)
(907,0.15874953671124242)
(908,0.15874636995634628)
(909,0.15874775560580914)
(910,0.15876575979348645)
(911,0.15875647084117744)
(912,0.1587607875193494)
(913,0.15876791103702)
(914,0.1587683386668853)
(915,0.15876852819240417)
(916,0.15877113035602794)
(917,0.15878339829639335)
(918,0.15879063084490086)
(919,0.15881810170699415)
(920,0.15878637126602213)
(921,0.15879915962041022)
(922,0.1588072729576563)
(923,0.1588161060747902)
(924,0.15882174817939582)
(925,0.15882312179369204)
(926,0.15882981445729275)
(927,0.1588424856373717)
(928,0.1588541829330213)
(929,0.1588561775194582)
(930,0.15886007941978234)
(931,0.1588641910731593)
(932,0.1588150173414394)
(933,0.15886679526686295)
(934,0.1588609110133218)
(935,0.15882832777916817)
(936,0.15883257958599342)
(937,0.15883288752137772)
(938,0.158827473394595)
(939,0.1588206839373842)
(940,0.15882619303787804)
(941,0.15882126959762044)
(942,0.15882229182132607)
(943,0.15882937069485636)
(944,0.15885764282719772)
(945,0.15885963019865929)
(946,0.15886183170500384)
(947,0.15886853094099856)
(948,0.15887881795480577)
(949,0.15888694379057325)
(950,0.1588877889130145)
(951,0.15889039656395834)
(952,0.15888865115521988)
(953,0.15888895561054467)
(954,0.1588916433245368)
(955,0.15890518819278215)
(956,0.15890217074204774)
(957,0.15890244176714477)
(958,0.15890371829450353)
(959,0.15890677977998666)
(960,0.1589057862040091)
(961,0.1589047117668906)
(962,0.15893397360751438)
(963,0.15893310335399877)
(964,0.15893549605564916)
(965,0.15893452618822015)
(966,0.15894051691029434)
(967,0.15894074285122398)
(968,0.15894350261600762)
(969,0.15893792080682856)
(970,0.1589397784252268)
(971,0.15894223096399954)
(972,0.15893825195660335)
(973,0.1589373088109337)
(974,0.15894023790074638)
(975,0.15894872451830733)
(976,0.15897320386629896)
(977,0.15895830655879345)
(978,0.15896078254655427)
(979,0.1589585651460221)
(980,0.1589556022045425)
(981,0.15895889174228248)
(982,0.15897397846339134)
(983,0.15896555938456935)
(984,0.1589691898659534)
(985,0.15897532080603574)
(986,0.15897737810612406)
(987,0.1589665967573209)
(988,0.1589766316046975)
(989,0.15898038657585303)
(990,0.15899281065511134)
(991,0.15899361262501552)
(992,0.1589962692721789)
(993,0.15900491763567257)
(994,0.15901120457216708)
(995,0.1590089275307039)
(996,0.15901009141854286)
(997,0.1590123672948838)
(998,0.15901380873175724)
(999,0.15901509029040303)
(1000,0.15901089819476338)

best val error :0.15625315783193014
