(1,1.2935162037559294)
(2,0.8982434298571502)
(3,0.7490932011788473)
(4,0.6703978088772904)
(5,0.6163079201571274)
(6,0.5706755146240122)
(7,0.5255228369634457)
(8,0.47823002545411697)
(9,0.431193355491791)
(10,0.3848300768050669)
(11,0.33614134756616754)
(12,0.31460741653630186)
(13,0.2661085032759436)
(14,0.2514890393270729)
(15,0.2307743905507145)
(16,0.2112026641837498)
(17,0.19339257519908068)
(18,0.1778897656327475)
(19,0.15671256437850126)
(20,0.1451345680090499)
(21,0.1445007089332736)
(22,0.13491088391661865)
(23,0.13325790992518308)
(24,0.11533978933227372)
(25,0.10550854587719827)
(26,0.1009679200493638)
(27,0.09880719825835646)
(28,0.09563302940220139)
(29,0.0935142676195592)
(30,0.09097184585350353)
(31,0.08862158821761881)
(32,0.08744230292427685)
(33,0.08599551541387883)
(34,0.08433384084258295)
(35,0.08354257438930476)
(36,0.08265131626253813)
(37,0.08130148559697613)
(38,0.08062368908378488)
(39,0.07968870922477286)
(40,0.07801858259749726)
(41,0.0751742625623935)
(42,0.07414276225285413)
(43,0.0735199688906388)
(44,0.07322869058151855)
(45,0.07255775260393506)
(46,0.07147234273290269)
(47,0.0700708609961278)
(48,0.06919328391413818)
(49,0.06874621948657936)
(50,0.06823442270855601)
(51,0.06747229304252793)
(52,0.06713318892171248)
(53,0.06685578549710987)
(54,0.06655076512243112)
(55,0.06611067501766388)
(56,0.06586061555178616)
(57,0.06572623579551884)
(58,0.06540898267126856)
(59,0.06488332146490365)
(60,0.06417405399768689)
(61,0.0637054265514714)
(62,0.06342641482038532)
(63,0.06319741646797096)
(64,0.06306411766453796)
(65,0.06278130182617439)
(66,0.062251042247143167)
(67,0.06135528824052302)
(68,0.06108956438607796)
(69,0.060886990060956915)
(70,0.06070996165089261)
(71,0.06058072009347435)
(72,0.06039517225178854)
(73,0.060210158046617356)
(74,0.059867707047584255)
(75,0.059712319790721016)
(76,0.05943821495191241)
(77,0.05921681472819996)
(78,0.05909641649764549)
(79,0.05882198510932814)
(80,0.05850246418830899)
(81,0.058318472388295774)
(82,0.05805770613679772)
(83,0.05790033953549037)
(84,0.05781350007679317)
(85,0.057618991208150144)
(86,0.05730451694492051)
(87,0.05715473261781585)
(88,0.05693989502389905)
(89,0.05674131173773999)
(90,0.056424587223513255)
(91,0.05622245689256634)
(92,0.05607816596482326)
(93,0.05598315258723776)
(94,0.05578754357315373)
(95,0.05544081537269833)
(96,0.05476632272307179)
(97,0.054559104098721604)
(98,0.054416574877746225)
(99,0.05410385122194567)
(100,0.05356449863579328)
(101,0.05324461753850326)
(102,0.05246057164546454)
(103,0.05236214991763912)
(104,0.052151499582493266)
(105,0.0520663266223471)
(106,0.05192668729419462)
(107,0.05181046414196624)
(108,0.05174993876385698)
(109,0.05160586546037821)
(110,0.05134597117784917)
(111,0.05094455135054329)
(112,0.050354940419393604)
(113,0.049911589848955176)
(114,0.049416789945279115)
(115,0.04916411877719031)
(116,0.049058815038576675)
(117,0.04895250745033816)
(118,0.04876926807028565)
(119,0.048699931331378)
(120,0.04859224816150996)
(121,0.04848528066682428)
(122,0.048433540100913546)
(123,0.048315066853954015)
(124,0.048089704843838024)
(125,0.04770603467261323)
(126,0.047593034083998564)
(127,0.04749902824590328)
(128,0.04742303283862503)
(129,0.04736806859472698)
(130,0.047277952208106676)
(131,0.047133284140909025)
(132,0.04689221597877767)
(133,0.046377471697882464)
(134,0.04618280952150308)
(135,0.04598003300345021)
(136,0.045896274032552)
(137,0.04578590795308564)
(138,0.04571338409295296)
(139,0.04567398597376561)
(140,0.04558500259277219)
(141,0.0454226465545551)
(142,0.045157373536339036)
(143,0.0447075167196163)
(144,0.04461856259162486)
(145,0.04456068458793943)
(146,0.04437032425337575)
(147,0.044282960942965154)
(148,0.04423123363800259)
(149,0.044202476396749124)
(150,0.044087835266319486)
(151,0.04404456316108277)
(152,0.0440097215045322)
(153,0.04391482923809892)
(154,0.04387380076707813)
(155,0.04379573734888925)
(156,0.04366379264561116)
(157,0.04344213055118926)
(158,0.04338092855312152)
(159,0.04331966876317972)
(160,0.04327477140741367)
(161,0.043204610372882514)
(162,0.043071461430215875)
(163,0.04283316363259843)
(164,0.0425207849903639)
(165,0.042216094221074335)
(166,0.04213999009577398)
(167,0.042091622353671476)
(168,0.04200921016059362)
(169,0.04194175166289802)
(170,0.04190607866844262)
(171,0.04183116740948575)
(172,0.041694028652624386)
(173,0.04144103798548109)
(174,0.04115189760750955)
(175,0.04096174783017492)
(176,0.04090089273403262)
(177,0.040863557383318636)
(178,0.040785083586044074)
(179,0.040719063891233406)
(180,0.040602144298032786)
(181,0.040541400625744864)
(182,0.040509877786463026)
(183,0.04043825180031731)
(184,0.040337336138687375)
(185,0.04026982081368081)
(186,0.040221694431624905)
(187,0.040193207087278936)
(188,0.040125752667993834)
(189,0.04001521742974231)
(190,0.03996290011693346)
(191,0.03989451547318626)
(192,0.03981124606338049)
(193,0.039758931475580815)
(194,0.039725754165159895)
(195,0.03965218925586706)
(196,0.039572845109038905)
(197,0.03948765324495008)
(198,0.039443588688724614)
(199,0.039367719970219275)
(200,0.03930134599609737)
(201,0.03926413065416717)
(202,0.03923082221017226)
(203,0.03917428227865468)
(204,0.039052138831547796)
(205,0.03900098144326361)
(206,0.038970866938631936)
(207,0.038908299717209674)
(208,0.038856249254604375)
(209,0.038758934309541665)
(210,0.03871067755655719)
(211,0.03868132254017914)
(212,0.03860953167154024)
(213,0.0385374269176266)
(214,0.038476731463343065)
(215,0.03843131860739327)
(216,0.038404192767251065)
(217,0.038364747996024594)
(218,0.03827252375021695)
(219,0.0382288969813927)
(220,0.03817307712477625)
(221,0.03810527517955352)
(222,0.038063934838003986)
(223,0.0380394084550774)
(224,0.03798515294486036)
(225,0.03788692276855603)
(226,0.03779483210142022)
(227,0.037600115127070954)
(228,0.03743429829444304)
(229,0.03737967892824916)
(230,0.03728963987895283)
(231,0.03723288471458887)
(232,0.03719405392825374)
(233,0.03717202647380341)
(234,0.03712157844354496)
(235,0.03703275072778108)
(236,0.036884212605290324)
(237,0.03669073279904685)
(238,0.036632227007393846)
(239,0.036599858664168934)
(240,0.036579193359973915)
(241,0.036531759154498224)
(242,0.036448931430580284)
(243,0.03631874571071958)
(244,0.036080692015460845)
(245,0.036031975943100675)
(246,0.036005047961130736)
(247,0.035923992281430894)
(248,0.03585860556858995)
(249,0.03583417479760394)
(250,0.0358013018371997)
(251,0.03574343325414747)
(252,0.03559090537675409)
(253,0.035521539095585204)
(254,0.03549584087383845)
(255,0.03545608306988135)
(256,0.0353831557074969)
(257,0.03533283112039269)
(258,0.03530777530720793)
(259,0.03526188946583809)
(260,0.03522631291553524)
(261,0.035206417393940696)
(262,0.035164755686271344)
(263,0.03510245355147486)
(264,0.03505015748986905)
(265,0.03502037706699955)
(266,0.03500188145855438)
(267,0.03496033566847661)
(268,0.03489593788028616)
(269,0.034853785518781634)
(270,0.03482691806568038)
(271,0.03480947995436656)
(272,0.034770142839072246)
(273,0.03470404895116588)
(274,0.03469774657037897)
(275,0.03456194831498028)
(276,0.03450785244695606)
(277,0.03447674051865428)
(278,0.03445745850256207)
(279,0.03441151847190247)
(280,0.03438863156740723)
(281,0.034373210502969695)
(282,0.03433782510379463)
(283,0.03427985714330328)
(284,0.03424328943123685)
(285,0.03422333925664432)
(286,0.03417781399068687)
(287,0.03412605486632943)
(288,0.03407935388175625)
(289,0.034045978797090135)
(290,0.03402862859825416)
(291,0.03399187729621118)
(292,0.03392233776049746)
(293,0.033889333363413474)
(294,0.033866416974847394)
(295,0.03385088421373136)
(296,0.033816607256669746)
(297,0.03376186429403057)
(298,0.03372361733448419)
(299,0.03370319508330935)
(300,0.033672631226497024)
(301,0.03363838692747824)
(302,0.03362066817329905)
(303,0.03359902505296164)
(304,0.03356643124996102)
(305,0.03355274082325428)
(306,0.033524554362080176)
(307,0.0334707926567221)
(308,0.03336110875210604)
(309,0.033327173773793045)
(310,0.03330255220213687)
(311,0.03327832972622047)
(312,0.03322303511994243)
(313,0.03319718212431718)
(314,0.033179719985338196)
(315,0.03316494945797192)
(316,0.033133917524969005)
(317,0.03311196787520492)
(318,0.033101339335266294)
(319,0.033076565753884304)
(320,0.03304802032905267)
(321,0.03301531444629375)
(322,0.03300165084686802)
(323,0.032976598570867995)
(324,0.03292712249589884)
(325,0.0328368362697226)
(326,0.03268062887937496)
(327,0.032644763824321674)
(328,0.032621023581374815)
(329,0.032603750722737745)
(330,0.03256864700221035)
(331,0.03251379353887066)
(332,0.0324864089946343)
(333,0.03246944946193074)
(334,0.03244385266977768)
(335,0.032413847251997446)
(336,0.03239961885064862)
(337,0.032374680044027396)
(338,0.03233431723478511)
(339,0.0322875723442907)
(340,0.032268895539092866)
(341,0.0322326717918039)
(342,0.03220778801812388)
(343,0.032192427939037045)
(344,0.03216833614397601)
(345,0.03214357360927392)
(346,0.03213154701345385)
(347,0.03210597327216707)
(348,0.03205675028747929)
(349,0.03196336674981846)
(350,0.031885460827251445)
(351,0.03180917887019074)
(352,0.031784924205903474)
(353,0.03177193211323476)
(354,0.03175145536299407)
(355,0.031731688729726155)
(356,0.03172202046632549)
(357,0.03169941634961658)
(358,0.03165607528807041)
(359,0.031578874963806305)
(360,0.031475999971026104)
(361,0.03144079102457258)
(362,0.0314246801633894)
(363,0.0314137203203239)
(364,0.03139064702884842)
(365,0.031377184430907645)
(366,0.03135967044286602)
(367,0.03133998070900004)
(368,0.031311416962653466)
(369,0.03129120998266363)
(370,0.03128002537376081)
(371,0.03125537988930059)
(372,0.031219045455546268)
(373,0.031191767416759365)
(374,0.03117826747333909)
(375,0.03115372737040766)
(376,0.03110297157518496)
(377,0.03107715614266646)
(378,0.031054905905031852)
(379,0.031041502329520895)
(380,0.03102489782711639)
(381,0.031001446209600284)
(382,0.030990176320781028)
(383,0.0309739545662846)
(384,0.030960090416925067)
(385,0.030921374131346623)
(386,0.03084621328928258)
(387,0.030832964545521046)
(388,0.030823594034484984)
(389,0.030809213316762514)
(390,0.030797916465555443)
(391,0.03078661299819892)
(392,0.030758985844597686)
(393,0.030729054955839923)
(394,0.030689777154228336)
(395,0.030668263271884086)
(396,0.030653177719673085)
(397,0.030644812768115877)
(398,0.030626552101288534)
(399,0.030617450351909062)
(400,0.030601081199189098)
(401,0.030589305845740027)
(402,0.03057889809676661)
(403,0.03056053101817805)
(404,0.030549650348204664)
(405,0.030543569916803827)
(406,0.03052920432861388)
(407,0.03050985569998005)
(408,0.03049431755481432)
(409,0.030486866977362147)
(410,0.030472180236699568)
(411,0.03044403672435766)
(412,0.030392877275689765)
(413,0.030309772148517)
(414,0.030287406971138)
(415,0.030272650554130465)
(416,0.03026473348550553)
(417,0.030249626583701183)
(418,0.030220872649446597)
(419,0.030157376583565782)
(420,0.030137069144266813)
(421,0.030123539279972803)
(422,0.03010130820214148)
(423,0.030055084990594654)
(424,0.02995812720590329)
(425,0.029923859694500204)
(426,0.029909056360882716)
(427,0.029895379903728633)
(428,0.029860361777295806)
(429,0.029770413045084317)
(430,0.029716207077993835)
(431,0.029691972683811345)
(432,0.02965814359574435)
(433,0.029631926554699883)
(434,0.029617717011782122)
(435,0.02960856663096258)
(436,0.029589119657125382)
(437,0.02957832427823671)
(438,0.029568663216323846)
(439,0.02955068756757786)
(440,0.029531306982668898)
(441,0.029513050323036916)
(442,0.02950292395110194)
(443,0.029489462647540467)
(444,0.029475082938203268)
(445,0.02947107399154037)
(446,0.02945457486065725)
(447,0.029444885924833537)
(448,0.029431933022516368)
(449,0.029417864527859983)
(450,0.029397588417145997)
(451,0.029380622110704923)
(452,0.029371343481225325)
(453,0.029358040539794586)
(454,0.029345402787827067)
(455,0.029339257402832802)
(456,0.029325431988961977)
(457,0.029300244649041084)
(458,0.029255038428492846)
(459,0.02918636271095876)
(460,0.02915925952324941)
(461,0.02914299290892183)
(462,0.029128055473301773)
(463,0.02911477849001647)
(464,0.029107405701898178)
(465,0.029092374047972852)
(466,0.029083691100488133)
(467,0.029065982606341037)
(468,0.0290479149271841)
(469,0.0290200210417871)
(470,0.029009761899256768)
(471,0.029002043640952116)
(472,0.028990684706066475)
(473,0.02897993911648813)
(474,0.028961499167791137)
(475,0.02895091929845997)
(476,0.028943200047382513)
(477,0.028921781884241517)
(478,0.0289133742357767)
(479,0.02890466518575772)
(480,0.028888669265174024)
(481,0.028882400829031353)
(482,0.028868683199036925)
(483,0.028842561831593675)
(484,0.0287949421031781)
(485,0.02875842071449399)
(486,0.028726017319287617)
(487,0.0287106643251361)
(488,0.0287030456007602)
(489,0.0286844595379851)
(490,0.028661046955524162)
(491,0.028642807356511608)
(492,0.02863328381458347)
(493,0.028627330925378038)
(494,0.02861348124685595)
(495,0.028594752712791667)
(496,0.02857865354086564)
(497,0.028570271507036518)
(498,0.028564609482854157)
(499,0.028551822489754342)
(500,0.02854089663046837)
(501,0.02851991258867347)
(502,0.028511373369404076)
(503,0.028505747876975934)
(504,0.0284940558121465)
(505,0.028487731714841855)
(506,0.028475073249107904)
(507,0.028467819393874504)
(508,0.028452321245035033)
(509,0.028425734466052233)
(510,0.028391833948116063)
(511,0.028358714874283056)
(512,0.028344737518856754)
(513,0.02833737229073731)
(514,0.028307463292703963)
(515,0.028295579861862864)
(516,0.028285654892387144)
(517,0.028279808729270935)
(518,0.028266791224157845)
(519,0.028259949034800336)
(520,0.028244120609716317)
(521,0.028218131477614147)
(522,0.028204271183420903)
(523,0.028196155625890337)
(524,0.02818075629564629)
(525,0.028168148847711464)
(526,0.028160925946394515)
(527,0.028151265167973522)
(528,0.028137511698816862)
(529,0.028131141766094717)
(530,0.02812259310640792)
(531,0.028109528107673438)
(532,0.02808409722511069)
(533,0.028075955669108185)
(534,0.028067961351097636)
(535,0.02804373828976603)
(536,0.027972472620754068)
(537,0.027960942143006366)
(538,0.02794519138221179)
(539,0.027917503816363966)
(540,0.027905680071445272)
(541,0.027897634765230613)
(542,0.027879419053512086)
(543,0.02786326043455909)
(544,0.027841515355361727)
(545,0.02783231937442673)
(546,0.0278263315979649)
(547,0.027815232633317206)
(548,0.027807817440705672)
(549,0.027799720259389753)
(550,0.027789348266563024)
(551,0.027775081305011672)
(552,0.027764606782737025)
(553,0.027758730402174078)
(554,0.027745810761583313)
(555,0.027727981157718556)
(556,0.027711855635933324)
(557,0.027704010167889266)
(558,0.027693234322758394)
(559,0.02767107954342988)
(560,0.027609400352503248)
(561,0.0275914868609927)
(562,0.027582750558946163)
(563,0.0275739194519573)
(564,0.027554649437413974)
(565,0.027509239553003686)
(566,0.027490142494099836)
(567,0.027478947501398003)
(568,0.02747250835695833)
(569,0.027462086807849798)
(570,0.027454938480916218)
(571,0.027451901995173042)
(572,0.027440544071776127)
(573,0.02743440480524558)
(574,0.02742413174146403)
(575,0.027417846818166794)
(576,0.027411925300516813)
(577,0.02740224409003115)
(578,0.027397446301882424)
(579,0.02738837046723176)
(580,0.027383014419218175)
(581,0.02737508373883168)
(582,0.027359856972821665)
(583,0.027324763201349054)
(584,0.027296234795180268)
(585,0.02726062726297817)
(586,0.02724856497526816)
(587,0.027241702388355243)
(588,0.027237908823158793)
(589,0.027228986875484876)
(590,0.027213528107572688)
(591,0.027206351354681486)
(592,0.027201805390306966)
(593,0.0271913850660787)
(594,0.027172544776821857)
(595,0.027143517194898104)
(596,0.027101909489676623)
(597,0.02706965972260221)
(598,0.027065607697212626)
(599,0.027053663163269855)
(600,0.02704088075003035)
(601,0.02703103086483905)
(602,0.02702698705268596)
(603,0.027016595739090318)
(604,0.026999979028408665)
(605,0.026992245886841473)
(606,0.02698715388826566)
(607,0.02697778662439938)
(608,0.026970326494661905)
(609,0.02696622727311551)
(610,0.026957197376453402)
(611,0.026940175842041853)
(612,0.026913576367582653)
(613,0.026863943585344)
(614,0.02680430201697623)
(615,0.026787224653664246)
(616,0.02677111002652764)
(617,0.026759388851625498)
(618,0.02675467553373437)
(619,0.026743702585573653)
(620,0.026727034044197913)
(621,0.026714021373478194)
(622,0.02668149249653773)
(623,0.026672133306810012)
(624,0.026658863518634)
(625,0.026646655493604482)
(626,0.026638105212487752)
(627,0.026631649710107577)
(628,0.026626286527129707)
(629,0.026614348890015162)
(630,0.026609995627684357)
(631,0.026600274388575998)
(632,0.026589019783516084)
(633,0.026575588261344606)
(634,0.026569258705291348)
(635,0.02656488667881402)
(636,0.026556684815210077)
(637,0.02655100944493694)
(638,0.026547662460645608)
(639,0.026539640717446356)
(640,0.02652775511977447)
(641,0.02651962393612509)
(642,0.02651518783279236)
(643,0.02650885808709504)
(644,0.02650098576405207)
(645,0.026497313107067558)
(646,0.026490545328544158)
(647,0.026477576199703933)
(648,0.02645404264140138)
(649,0.026410930046418007)
(650,0.026401148229273204)
(651,0.026392073160371007)
(652,0.02638774323917862)
(653,0.026377973421741415)
(654,0.02636277825568943)
(655,0.02635526535339649)
(656,0.026347790878951834)
(657,0.026343511622501786)
(658,0.026333043321650283)
(659,0.026317524869862163)
(660,0.02630757936187075)
(661,0.026302326432316225)
(662,0.02629838120591196)
(663,0.02628754541991582)
(664,0.026283436227390544)
(665,0.02627973940822421)
(666,0.026271322150502065)
(667,0.026268211059196637)
(668,0.02626208118160784)
(669,0.02624980184733436)
(670,0.02622492005384133)
(671,0.026217549049745225)
(672,0.026208399061361052)
(673,0.02619540863460648)
(674,0.02618988976997288)
(675,0.02618572608331597)
(676,0.026170053458602693)
(677,0.02615293587852001)
(678,0.02614772559880876)
(679,0.02614480953406974)
(680,0.026137738326101462)
(681,0.026126447145358278)
(682,0.026120227123756907)
(683,0.026116493248208878)
(684,0.02610972729196624)
(685,0.026098956134468634)
(686,0.026086967723286777)
(687,0.026082211409447158)
(688,0.02607612268411136)
(689,0.026063077233826337)
(690,0.02604142430289829)
(691,0.02602338644081575)
(692,0.026014051149917405)
(693,0.026006978131646638)
(694,0.02600212791296979)
(695,0.026000088614249583)
(696,0.025995230833034635)
(697,0.025987325392208157)
(698,0.02598345268483065)
(699,0.025978268094838705)
(700,0.025973313655676684)
(701,0.02597063796741481)
(702,0.02596429673993711)
(703,0.02595716503868736)
(704,0.02594911101146367)
(705,0.025945546718437237)
(706,0.025940888470268767)
(707,0.025934621723980814)
(708,0.02593190018807533)
(709,0.025926065042616905)
(710,0.0259147961768673)
(711,0.025894098417155467)
(712,0.025865437383403484)
(713,0.02585644150365053)
(714,0.02585140198897959)
(715,0.025848545517526522)
(716,0.025842550121690958)
(717,0.025832162060702296)
(718,0.02581618680008911)
(719,0.02577636766229994)
(720,0.02576323582740197)
(721,0.02575138109963148)
(722,0.02571408774215405)
(723,0.025708480670737686)
(724,0.025704604004671273)
(725,0.025698320043198147)
(726,0.0256927066173893)
(727,0.025689772018350005)
(728,0.02568288452791108)
(729,0.02567394143877698)
(730,0.025665760089133113)
(731,0.025661656280442584)
(732,0.025658348798911546)
(733,0.025649244301398682)
(734,0.02564565028069094)
(735,0.025641111344806133)
(736,0.025632452048349734)
(737,0.02561742746048269)
(738,0.02556735752087158)
(739,0.02555370042950221)
(740,0.02553869387956931)
(741,0.025534205627856004)
(742,0.025529626329187063)
(743,0.025518838358186986)
(744,0.025494128720578532)
(745,0.025489290525114207)
(746,0.02547335876228266)
(747,0.025467353995796745)
(748,0.02546378763202964)
(749,0.02545761880337056)
(750,0.025452889104084456)
(751,0.025446596833681584)
(752,0.025440751401564828)
(753,0.02543743162672227)
(754,0.02543324659846325)
(755,0.025427050935400094)
(756,0.02542445957276086)
(757,0.025418455515277744)
(758,0.025411336676965175)
(759,0.025403916728703207)
(760,0.025400431355348033)
(761,0.025398074246362472)
(762,0.025392587413701866)
(763,0.025386657179784847)
(764,0.02537897190033469)
(765,0.02537560154475253)
(766,0.025373009071079106)
(767,0.025365798601541756)
(768,0.025363157906928422)
(769,0.025358690452209322)
(770,0.025349806978096162)
(771,0.02533220269219471)
(772,0.025306440151527016)
(773,0.025296796614648485)
(774,0.02529031418126885)
(775,0.025287467858204193)
(776,0.025283403959630812)
(777,0.025276353083149444)
(778,0.025259812199511504)
(779,0.02523322412179454)
(780,0.025220163353470056)
(781,0.025211365582474065)
(782,0.025208003969813087)
(783,0.025205905463391323)
(784,0.025200903149662633)
(785,0.025195025843198254)
(786,0.025188773180212513)
(787,0.02518597062095735)
(788,0.025181990724600638)
(789,0.025175656755486917)
(790,0.02516578377033041)
(791,0.025162205057420926)
(792,0.02515989764628336)
(793,0.0251523491952353)
(794,0.02514844942664074)
(795,0.025146181635453974)
(796,0.025141108743743576)
(797,0.02513881534450828)
(798,0.025133396894076045)
(799,0.025124761884179416)
(800,0.025113121031859247)
(801,0.025101094343790334)
(802,0.02509680903589275)
(803,0.025092363259067784)
(804,0.025086227972082147)
(805,0.02508037232634659)
(806,0.02507602472161021)
(807,0.025073793546242906)
(808,0.02506854748527122)
(809,0.025062219907617044)
(810,0.025057142780493948)
(811,0.025048141086461816)
(812,0.025043952425235064)
(813,0.025037742300278946)
(814,0.02503231108891433)
(815,0.02502783461157664)
(816,0.025024797473784145)
(817,0.025020164844251763)
(818,0.02501604504962492)
(819,0.025013936461434065)
(820,0.02500880814856875)
(821,0.025000033391167138)
(822,0.024989096742103006)
(823,0.024978425900423103)
(824,0.02497417032202197)
(825,0.024970558835971737)
(826,0.02496580907377521)
(827,0.024960619923132792)
(828,0.024951640527169663)
(829,0.024947072705953047)
(830,0.02494129386602668)
(831,0.024932924583228176)
(832,0.024928976951010394)
(833,0.024926194956643395)
(834,0.024919743180220347)
(835,0.024912743215827916)
(836,0.024903326585410817)
(837,0.02489895136989509)
(838,0.024896106515011604)
(839,0.024889600057641747)
(840,0.02488326118442273)
(841,0.024873546985732933)
(842,0.02486941427508297)
(843,0.024866742435658014)
(844,0.024860579196074317)
(845,0.02485481689415822)
(846,0.02484579904911801)
(847,0.024842135713402717)
(848,0.02483970986318923)
(849,0.024831812857486396)
(850,0.024829091435055448)
(851,0.024824352643976044)
(852,0.024814941415687863)
(853,0.024795820654559982)
(854,0.024776143351154988)
(855,0.024762764258735546)
(856,0.024756207540170185)
(857,0.024753369647554976)
(858,0.02474980117840157)
(859,0.024744893869522066)
(860,0.024742801068285632)
(861,0.02473778996282489)
(862,0.024728299133071625)
(863,0.024713610261622075)
(864,0.024707411549176723)
(865,0.02470354359154424)
(866,0.024697514478917607)
(867,0.02469058252093688)
(868,0.02468693269559763)
(869,0.02468436993541755)
(870,0.024678674425937776)
(871,0.024675735356887354)
(872,0.024669706889987736)
(873,0.02466620809030431)
(874,0.024658950371634236)
(875,0.02465125019886114)
(876,0.02463966764003241)
(877,0.024635493813660776)
(878,0.02463215132739508)
(879,0.024626356869618143)
(880,0.024621830808694626)
(881,0.02461505804424402)
(882,0.024609486614243278)
(883,0.024606221470835715)
(884,0.024601248124777528)
(885,0.02459588579522032)
(886,0.024593233746857904)
(887,0.024587960569822237)
(888,0.02457810769535436)
(889,0.024562721495208772)
(890,0.024529123747750767)
(891,0.024519383072750638)
(892,0.02451598749849192)
(893,0.024511945389155947)
(894,0.02450505933870651)
(895,0.024500435230697202)
(896,0.024498393358338096)
(897,0.024493494056883305)
(898,0.02448480520717872)
(899,0.024481419205350116)
(900,0.024479004655927235)
(901,0.024473666260662875)
(902,0.024465175389425796)
(903,0.024459024265849894)
(904,0.02445597071058174)
(905,0.02445002509014311)
(906,0.024437158153754853)
(907,0.02441293604215256)
(908,0.024405408711940524)
(909,0.024399769930891695)
(910,0.0243954991996459)
(911,0.024394352378854036)
(912,0.024385595507746473)
(913,0.024377532653828925)
(914,0.024374715961043927)
(915,0.02436831830735749)
(916,0.024357672505109607)
(917,0.024351585953760496)
(918,0.024347978475735176)
(919,0.024342604226243268)
(920,0.02433451508190722)
(921,0.024326439683519396)
(922,0.02431656929549631)
(923,0.02431138420720961)
(924,0.02430867268439204)
(925,0.024302937103756573)
(926,0.02429251119021948)
(927,0.024287472879852497)
(928,0.024284385816425315)
(929,0.02427845217111133)
(930,0.024268829674820084)
(931,0.024259603180894405)
(932,0.024255648860013593)
(933,0.024252002838003207)
(934,0.024239058298683554)
(935,0.024225467010837214)
(936,0.024220059115047713)
(937,0.024216658467813044)
(938,0.024211625373018002)
(939,0.02420569609639573)
(940,0.02420230223135255)
(941,0.024200094833100462)
(942,0.024194442354794173)
(943,0.024182597380859396)
(944,0.024167001781920352)
(945,0.02415392222236074)
(946,0.024149821980707246)
(947,0.02414712496998658)
(948,0.02414576808986217)
(949,0.02414343122504526)
(950,0.024141366654115533)
(951,0.02414045960870996)
(952,0.024138357454511)
(953,0.02413457946439388)
(954,0.02412815443641326)
(955,0.024125714764988294)
(956,0.024120469494238853)
(957,0.024110428522385225)
(958,0.024107566211575046)
(959,0.024106492771227013)
(960,0.024103830271322887)
(961,0.024100982067949573)
(962,0.024099507113406488)
(963,0.024098657881748538)
(964,0.02409666491605832)
(965,0.024093017151699037)
(966,0.024086176535383797)
(967,0.02408338652338852)
(968,0.024079424683857063)
(969,0.024072697027890607)
(970,0.024069351115296223)
(971,0.024066943301196138)
(972,0.02406576702029342)
(973,0.024064670576634285)
(974,0.024062999322526767)
(975,0.024052443274853882)
(976,0.024049674475964313)
(977,0.024047538434396817)
(978,0.024045342006462002)
(979,0.024044025293439616)
(980,0.024043678228773537)
(981,0.024042992601250084)
(982,0.0240309746876864)
(983,0.02402833592200193)
(984,0.024025656296702776)
(985,0.024022674667440982)
(986,0.02402103086033515)
(987,0.02402015711793118)
(988,0.024018214975586667)
(989,0.024014784318176052)
(990,0.02400823434153304)
(991,0.024005764424300174)
(992,0.0240004533629401)
(993,0.02399243994034524)
(994,0.023987279733077956)
(995,0.023985057314199185)
(996,0.023983203344753436)
(997,0.023981098340691464)
(998,0.02397964828441464)
(999,0.023978775250897602)
(1000,0.02397683284406682)
(1,1.3257287634072328)
(2,0.926581467482278)
(3,0.7735011126621354)
(4,0.6930242492067855)
(5,0.6393588589111104)
(6,0.594826321568639)
(7,0.5512124715330843)
(8,0.5060950043045658)
(9,0.4595366757458513)
(10,0.41641071757217074)
(11,0.37105813411605293)
(12,0.355193589852789)
(13,0.31670044284284654)
(14,0.3069327330707215)
(15,0.2910289125193261)
(16,0.2773705779975538)
(17,0.254586982304341)
(18,0.24076888704910335)
(19,0.22196200402265365)
(20,0.2111357295901396)
(21,0.21405229028127573)
(22,0.205095606747526)
(23,0.1933422551112294)
(24,0.18033193368993386)
(25,0.17657429863774451)
(26,0.17482876797525165)
(27,0.17345516084751403)
(28,0.17135155068251975)
(29,0.17080070191023425)
(30,0.169891959563146)
(31,0.16969381386062343)
(32,0.16885944013901782)
(33,0.1673037656589395)
(34,0.1674616500069956)
(35,0.16702980968065106)
(36,0.1655990035489845)
(37,0.16647280309687165)
(38,0.16611309929977938)
(39,0.1651767697984264)
(40,0.164100896814401)
(41,0.1632167818919747)
(42,0.16394212901468244)
(43,0.16351578610808243)
(44,0.16337897690592834)
(45,0.16309786251712696)
(46,0.16267207267386502)
(47,0.16239635559657983)
(48,0.16192018042143216)
(49,0.1614529751914497)
(50,0.16046871301969723)
(51,0.1612760660857393)
(52,0.16060860771419558)
(53,0.16080787407159486)
(54,0.16144344859056162)
(55,0.16087227827895562)
(56,0.1605525690564073)
(57,0.16049779703025976)
(58,0.16033032497884026)
(59,0.15976068427414356)
(60,0.15903136426889458)
(61,0.16010942009313436)
(62,0.15922879926247804)
(63,0.15965662774300232)
(64,0.1595107257822487)
(65,0.1592733546333083)
(66,0.15911140146530248)
(67,0.15932074397980692)
(68,0.15881220846404914)
(69,0.1592057709788619)
(70,0.15879509445276155)
(71,0.15894357810420195)
(72,0.15930389218303692)
(73,0.15916566352874462)
(74,0.15865259931121206)
(75,0.15871512963518244)
(76,0.1589488174982451)
(77,0.15867916821037306)
(78,0.15860742398122546)
(79,0.15841509086360703)
(80,0.15814962647800707)
(81,0.15886099342391774)
(82,0.1580596911970036)
(83,0.1582919373853883)
(84,0.15825496879272052)
(85,0.1582730626924858)
(86,0.15841450272315716)
(87,0.15826315163102145)
(88,0.15791202536930074)
(89,0.15786994871207577)
(90,0.1581720557270158)
(91,0.1577104177776841)
(92,0.15794856649878541)
(93,0.1578588337894346)
(94,0.15769457428940115)
(95,0.15765980234964555)
(96,0.1575636932778755)
(97,0.15772850340969272)
(98,0.15762511634361817)
(99,0.15743905251872498)
(100,0.1574760281723686)
(101,0.15740228085445568)
(102,0.15743677995532554)
(103,0.15746762933824748)
(104,0.15762488255703214)
(105,0.1576640631723792)
(106,0.15785684347080656)
(107,0.15778782994718188)
(108,0.15779025067963764)
(109,0.15779794125538202)
(110,0.15780522087701265)
(111,0.15782045213220755)
(112,0.15789340105966418)
(113,0.15827098217594357)
(114,0.15800602537587483)
(115,0.15830191849109773)
(116,0.1581734300492536)
(117,0.15792618937190622)
(118,0.15835948240491857)
(119,0.15825114782944733)
(120,0.15810950390608156)
(121,0.15825659505185227)
(122,0.15822580091750826)
(123,0.15817895332570694)
(124,0.1581664329451998)
(125,0.15833724090262435)
(126,0.15825134998482918)
(127,0.15835205045294734)
(128,0.15826586717900107)
(129,0.15829591641855853)
(130,0.15841735436094265)
(131,0.15861197911859587)
(132,0.15871613445207194)
(133,0.15812977640146045)
(134,0.15851682966301894)
(135,0.15823875487727007)
(136,0.15825538486136373)
(137,0.15843624156454109)
(138,0.15829050942499226)
(139,0.15830990820257657)
(140,0.15835093531891914)
(141,0.15838394489451768)
(142,0.15834534897204972)
(143,0.15814356858105083)
(144,0.1584595749409106)
(145,0.15779307270629492)
(146,0.1584454918743134)
(147,0.1581516240041786)
(148,0.15826361393778798)
(149,0.1584977710977921)
(150,0.15815753371987193)
(151,0.15823435943587774)
(152,0.158419367008837)
(153,0.15819202204554475)
(154,0.15822240791189024)
(155,0.1582533789846419)
(156,0.1582494739813202)
(157,0.15812539062147968)
(158,0.1582709590354447)
(159,0.1582427319919255)
(160,0.1582330019224287)
(161,0.15821028504783435)
(162,0.15832876571868718)
(163,0.1582669794786813)
(164,0.15787423030810646)
(165,0.15825176687161108)
(166,0.15805096169185018)
(167,0.15811037545061005)
(168,0.15820093417278186)
(169,0.15802277316032678)
(170,0.158066167130421)
(171,0.15814474100427675)
(172,0.1581807571099671)
(173,0.15816633964956)
(174,0.15786404361213544)
(175,0.15802938586583742)
(176,0.1579149020114506)
(177,0.1579404729195794)
(178,0.15799046804135372)
(179,0.15810557150028753)
(180,0.15796296942417173)
(181,0.15795272519656536)
(182,0.15794000301259686)
(183,0.1579084203381258)
(184,0.15788087403831916)
(185,0.15792861778770742)
(186,0.15790178060756532)
(187,0.15790135644009706)
(188,0.15790185390378236)
(189,0.15791267192654468)
(190,0.15787073117284062)
(191,0.15776567272506228)
(192,0.15784175566975825)
(193,0.15775558069409465)
(194,0.1576876048139397)
(195,0.1573600215228693)
(196,0.15710170786556085)
(197,0.15698939703311568)
(198,0.15704193531710084)
(199,0.1571511661842475)
(200,0.15738638051382361)
(201,0.1571186108552817)
(202,0.1570748991502088)
(203,0.15709393851822123)
(204,0.15688401444764524)
(205,0.15697408714133246)
(206,0.15694641689945)
(207,0.15688898957403538)
(208,0.15690333173148807)
(209,0.15703634770597247)
(210,0.15693803350064803)
(211,0.15695119862918505)
(212,0.15703614394843454)
(213,0.1576172740276941)
(214,0.15747737824119482)
(215,0.15730399137158574)
(216,0.15703997155888963)
(217,0.15687937063729318)
(218,0.15687093371363736)
(219,0.1569149795136502)
(220,0.1569455976872423)
(221,0.15679144966898362)
(222,0.15688046417311338)
(223,0.15686278987059368)
(224,0.15683911360142683)
(225,0.15694556876329302)
(226,0.1575004140928506)
(227,0.15795564773646387)
(228,0.15788692431564114)
(229,0.15792392147908665)
(230,0.15794554029343413)
(231,0.15784019932992568)
(232,0.15786598665756205)
(233,0.1578555164036316)
(234,0.15783539618015718)
(235,0.15782157468050448)
(236,0.15781662619401068)
(237,0.1578583076163411)
(238,0.15773164825811198)
(239,0.1577704004636237)
(240,0.15776004370098798)
(241,0.1577404446314006)
(242,0.1577302740956339)
(243,0.157642538366877)
(244,0.15762880705501423)
(245,0.1576740429331765)
(246,0.15763279574618563)
(247,0.15767618509241874)
(248,0.1577391711816317)
(249,0.15771345943842172)
(250,0.1576697017410551)
(251,0.15770564222586853)
(252,0.1576659600305715)
(253,0.1578508268859847)
(254,0.1577857188321504)
(255,0.15772238628458513)
(256,0.1576766195832124)
(257,0.15775233273951136)
(258,0.15771237322552725)
(259,0.15765465559020825)
(260,0.15775049425982432)
(261,0.1577237248731348)
(262,0.15767223908403213)
(263,0.15766248908801409)
(264,0.15776406005446386)
(265,0.15769543793357454)
(266,0.15771056885429097)
(267,0.15773673719006237)
(268,0.15775976149727022)
(269,0.15768422275408345)
(270,0.15772541678412047)
(271,0.15771373424205437)
(272,0.15769247609914394)
(273,0.1576867308767754)
(274,0.15781921961324533)
(275,0.15775313340706903)
(276,0.15767294567151297)
(277,0.15767918250245014)
(278,0.15760780169786473)
(279,0.15765475715500413)
(280,0.15763181287441386)
(281,0.1576297696745925)
(282,0.15763248745473982)
(283,0.1576647212998936)
(284,0.15762144200323944)
(285,0.157625658579634)
(286,0.15762469130398785)
(287,0.15759795442441452)
(288,0.15756954612663138)
(289,0.15755692254047374)
(290,0.15754910836626645)
(291,0.1575343174391516)
(292,0.15752180486380096)
(293,0.15755831000103016)
(294,0.15753763664304105)
(295,0.1575436128895691)
(296,0.15756149045801154)
(297,0.15759966840697032)
(298,0.1575460742024584)
(299,0.15757793207221665)
(300,0.1576190046018808)
(301,0.15755451918171517)
(302,0.15758609833517406)
(303,0.15763997799148918)
(304,0.15758006783959116)
(305,0.15759688922803936)
(306,0.1576297597531696)
(307,0.15765669676472632)
(308,0.15764204351759004)
(309,0.1576545327304541)
(310,0.15767135587830955)
(311,0.1577501136279074)
(312,0.15767164361974942)
(313,0.1577209849481128)
(314,0.15770395447404054)
(315,0.15768758824731643)
(316,0.15774322257396)
(317,0.15772679497973574)
(318,0.15772758567051184)
(319,0.15774092264984732)
(320,0.15777672543206603)
(321,0.15775538108940745)
(322,0.15775889517021607)
(323,0.15778289485646477)
(324,0.15785034029496658)
(325,0.15790200382145858)
(326,0.15792039672524233)
(327,0.15807434127084455)
(328,0.15812486091103536)
(329,0.15802682872199203)
(330,0.1580160067444405)
(331,0.15796715067411018)
(332,0.15797461861917925)
(333,0.15796464758330522)
(334,0.15793393972492742)
(335,0.15793608942907722)
(336,0.15793511738132385)
(337,0.15792722168112538)
(338,0.15789940947998135)
(339,0.15787003092970317)
(340,0.15788257035196598)
(341,0.1579042769266347)
(342,0.1578725446218611)
(343,0.1578821402939139)
(344,0.15788780742124053)
(345,0.15786191024568036)
(346,0.1578679151734472)
(347,0.15787601417998448)
(348,0.15786842045236918)
(349,0.15782960429185652)
(350,0.15778730843941033)
(351,0.15788640631251843)
(352,0.15784577032004474)
(353,0.15785643331400015)
(354,0.1578663526060525)
(355,0.15785142861247953)
(356,0.15785595744406994)
(357,0.15786427357755903)
(358,0.1578717590419878)
(359,0.15787684189674211)
(360,0.15793097463712283)
(361,0.15791441597555314)
(362,0.15790929610442742)
(363,0.15791504954671048)
(364,0.15790660089638872)
(365,0.1579068739533888)
(366,0.15795450453227786)
(367,0.1579681327846769)
(368,0.15798811517210615)
(369,0.15795017229660158)
(370,0.15796393743545056)
(371,0.15795443482315047)
(372,0.15790604801800534)
(373,0.15791534084418365)
(374,0.15792271181709788)
(375,0.15793615729514468)
(376,0.1579626118582993)
(377,0.1579404439634814)
(378,0.15795136756610123)
(379,0.1579517859286339)
(380,0.1579728702915152)
(381,0.15798621656936027)
(382,0.157987673441984)
(383,0.15800284549771212)
(384,0.15807712837358706)
(385,0.15809955488492047)
(386,0.1581366383834244)
(387,0.15814724153656107)
(388,0.15813295434481558)
(389,0.15808693407080152)
(390,0.15808121915233356)
(391,0.1580585682467623)
(392,0.15802136563140842)
(393,0.15800059677704226)
(394,0.15800213834195043)
(395,0.158022677834834)
(396,0.1580262371113019)
(397,0.15804202714393714)
(398,0.1580596760646043)
(399,0.15805958025638941)
(400,0.15804133945858645)
(401,0.15804037554871733)
(402,0.1580888907187477)
(403,0.15812412834641038)
(404,0.15810699085421162)
(405,0.15810402370570334)
(406,0.1580917197927278)
(407,0.1580600389579446)
(408,0.15809262538048424)
(409,0.1580886984303641)
(410,0.15807701160951695)
(411,0.1580620683689765)
(412,0.1580391781296649)
(413,0.1580630737756568)
(414,0.15803903074519476)
(415,0.15806927565031753)
(416,0.15806381659569751)
(417,0.1580513798493918)
(418,0.15804459764992917)
(419,0.15805149688997364)
(420,0.15808323469769675)
(421,0.15806632547839267)
(422,0.15802691600718305)
(423,0.15800360048309095)
(424,0.15793807764000428)
(425,0.1579893072841201)
(426,0.15797122619527534)
(427,0.15793327192955278)
(428,0.15786174725996086)
(429,0.15778518609789266)
(430,0.1575895500357006)
(431,0.1575483524132245)
(432,0.15751405884107186)
(433,0.1574341754210655)
(434,0.15746474224483092)
(435,0.1574645299584804)
(436,0.15745424108013592)
(437,0.1574661434448901)
(438,0.15753140116026937)
(439,0.15753070898850208)
(440,0.15751133159762742)
(441,0.15753426932998674)
(442,0.1575209018840913)
(443,0.1574962924431804)
(444,0.15750837510023064)
(445,0.157521311186638)
(446,0.15753540833479088)
(447,0.15752522636393776)
(448,0.15748070555139473)
(449,0.15748865275045904)
(450,0.1575184305525687)
(451,0.15751976907309845)
(452,0.1575304286499018)
(453,0.15757028630383732)
(454,0.15755924741571314)
(455,0.15756437148126717)
(456,0.1575798692664255)
(457,0.15761450237044147)
(458,0.15765059908586038)
(459,0.1576782166005844)
(460,0.15763306952482165)
(461,0.1577245753199359)
(462,0.157680222071157)
(463,0.15769642474594697)
(464,0.15770182854656373)
(465,0.15773566173715747)
(466,0.15773737499555943)
(467,0.1577279578953549)
(468,0.15766959091761426)
(469,0.15769935991380252)
(470,0.1577061186019153)
(471,0.15772017813839245)
(472,0.1577867307329108)
(473,0.15779137095016207)
(474,0.15779437480036146)
(475,0.1577769119816733)
(476,0.1577355787052835)
(477,0.15779522549556985)
(478,0.1577820524081595)
(479,0.1577619480707087)
(480,0.15780218079084773)
(481,0.15779295124709036)
(482,0.157790100888997)
(483,0.15780276575699645)
(484,0.15783550111964337)
(485,0.15781931130265203)
(486,0.15775958826336828)
(487,0.15780732435109335)
(488,0.15780839642261732)
(489,0.1578225142369761)
(490,0.1578469748941476)
(491,0.15786427111191567)
(492,0.15786431701855483)
(493,0.15787138560522754)
(494,0.15787363309623048)
(495,0.15784937067025542)
(496,0.15787145955541185)
(497,0.1578656626760907)
(498,0.1578739869910951)
(499,0.15790548258019574)
(500,0.15796454515112804)
(501,0.15790848533530727)
(502,0.1579310810301822)
(503,0.1579263953878364)
(504,0.1579007352235937)
(505,0.1579074185861559)
(506,0.1579408189849131)
(507,0.15794599588656838)
(508,0.15795418362517)
(509,0.15794879395646644)
(510,0.15788884782852436)
(511,0.157940829581715)
(512,0.15794880925074992)
(513,0.15795290245933433)
(514,0.15797336578825422)
(515,0.1579247105804637)
(516,0.15794337935595154)
(517,0.15794925836597767)
(518,0.15797844037108)
(519,0.15797788982134095)
(520,0.157970175889227)
(521,0.15793714367299813)
(522,0.15796847495528843)
(523,0.1579599234369279)
(524,0.1579310720404495)
(525,0.15796789386032845)
(526,0.15795445634911176)
(527,0.15791607042260378)
(528,0.15796007572490087)
(529,0.15794837545046486)
(530,0.15791799270899667)
(531,0.15787687276340298)
(532,0.1579236455070313)
(533,0.15791187678666113)
(534,0.15788733943666333)
(535,0.1578641021750488)
(536,0.15784007863518185)
(537,0.15792549739560105)
(538,0.1580047104192858)
(539,0.15792725765513072)
(540,0.15794977982246752)
(541,0.15794639589200435)
(542,0.1579254615604321)
(543,0.15787459071763302)
(544,0.15795107907441278)
(545,0.157916806866722)
(546,0.15793225690676596)
(547,0.15798354192695915)
(548,0.15796542651434617)
(549,0.15790540284113347)
(550,0.1579119998889898)
(551,0.15793341066611008)
(552,0.15791580345144463)
(553,0.15793124433426176)
(554,0.157952795056359)
(555,0.15801769034815943)
(556,0.15796202989960237)
(557,0.1579782934409956)
(558,0.1580147025369651)
(559,0.15805268254952834)
(560,0.15801994262550628)
(561,0.15800875642794138)
(562,0.15801351779986317)
(563,0.15800663254566868)
(564,0.15794006279567938)
(565,0.15791085422626303)
(566,0.15794947723718916)
(567,0.1579379941641335)
(568,0.15795266985295406)
(569,0.15797334328279047)
(570,0.15796470734521378)
(571,0.15793767273959286)
(572,0.1579630726855048)
(573,0.15795755368129102)
(574,0.15794681539449573)
(575,0.1579762839056831)
(576,0.15804693518851526)
(577,0.15802114797030575)
(578,0.1580150970313035)
(579,0.15799696825290194)
(580,0.15799894105779994)
(581,0.15800021168886105)
(582,0.1580059278458884)
(583,0.1580330722271403)
(584,0.1581317490372265)
(585,0.1580387382449919)
(586,0.15808708961175957)
(587,0.1580786820291024)
(588,0.15808091110559552)
(589,0.15808274605295158)
(590,0.15806131676250365)
(591,0.15808120510124785)
(592,0.15807701666584933)
(593,0.15806636102339772)
(594,0.15805058924209786)
(595,0.15801001800765163)
(596,0.15797191989084278)
(597,0.15802397446965605)
(598,0.1579704888793361)
(599,0.15805819943002028)
(600,0.15799979943994485)
(601,0.15802597753244751)
(602,0.15803378356916556)
(603,0.15804054433148906)
(604,0.15808275927904014)
(605,0.15805801252327026)
(606,0.15807000687869438)
(607,0.15810778737718822)
(608,0.15808470307821015)
(609,0.15809207933300287)
(610,0.15811264977870382)
(611,0.15815231789175777)
(612,0.15819695858496155)
(613,0.15825141571267584)
(614,0.15826842914122674)
(615,0.15837683849062045)
(616,0.1583280263194339)
(617,0.1583587827151945)
(618,0.15836120346631022)
(619,0.15837248329457904)
(620,0.15841337039845116)
(621,0.1585045200325842)
(622,0.15841642590548016)
(623,0.15842013102605887)
(624,0.15839083344720098)
(625,0.1583468809356986)
(626,0.15841721985744558)
(627,0.15840626626446444)
(628,0.15840134166052186)
(629,0.15841498953737138)
(630,0.1584103856738902)
(631,0.15839257616614721)
(632,0.15833475023865914)
(633,0.15840114869009822)
(634,0.15837497728984784)
(635,0.1583921998928106)
(636,0.15844425784478214)
(637,0.15842706738371054)
(638,0.15842415304202914)
(639,0.15841305136031025)
(640,0.15837536442404712)
(641,0.15841837250401436)
(642,0.15840711655804884)
(643,0.15837710228921867)
(644,0.15841608719862607)
(645,0.15840876430672912)
(646,0.1583907632481314)
(647,0.15836930557127235)
(648,0.1583462456459769)
(649,0.15839274385111915)
(650,0.15837961225938438)
(651,0.15846028006695684)
(652,0.15843487835856374)
(653,0.15842926992606815)
(654,0.15845477112706582)
(655,0.1584859759925933)
(656,0.15846343515195235)
(657,0.15846209950010756)
(658,0.1584538068103134)
(659,0.15841639812502328)
(660,0.15846384021046803)
(661,0.15844961415505845)
(662,0.15841482184138106)
(663,0.15846833456981232)
(664,0.15845792935128333)
(665,0.15843379683133604)
(666,0.15847210061943431)
(667,0.1584684656466422)
(668,0.1584607337576336)
(669,0.15845851405104291)
(670,0.15848015336306795)
(671,0.15849839283034922)
(672,0.15859496080961116)
(673,0.15860270352340428)
(674,0.15857088016194437)
(675,0.1586383395297027)
(676,0.15855333966427246)
(677,0.1585713681292842)
(678,0.15859407590739652)
(679,0.15859720631061486)
(680,0.1586104520269152)
(681,0.15864573410069668)
(682,0.15861670201523684)
(683,0.15862679051654763)
(684,0.15865542213785677)
(685,0.15871468259130478)
(686,0.15867203947834824)
(687,0.15868679748288325)
(688,0.15872522548316972)
(689,0.15879519009763307)
(690,0.15887714822591723)
(691,0.15881535387052464)
(692,0.15886939879895343)
(693,0.15883475612552625)
(694,0.1588207008906)
(695,0.1588193336436109)
(696,0.15881086967252653)
(697,0.15878148473395542)
(698,0.1587947913603947)
(699,0.15884264028711087)
(700,0.15882953486598914)
(701,0.15882532148646875)
(702,0.15880890308734644)
(703,0.15875699103213725)
(704,0.15880647058141534)
(705,0.15879445798449612)
(706,0.15876179864745046)
(707,0.15879694263710334)
(708,0.15879184930986728)
(709,0.15877952334011483)
(710,0.158765589735428)
(711,0.15875609202441204)
(712,0.15881488563517837)
(713,0.15875487091347926)
(714,0.15878439425701077)
(715,0.15877990292084082)
(716,0.15876838284336203)
(717,0.15875321152261304)
(718,0.1587271959759211)
(719,0.15874457316746537)
(720,0.15879503991341962)
(721,0.15875747751736113)
(722,0.15879265361891703)
(723,0.15876908630288722)
(724,0.15879307375312762)
(725,0.1588629876776)
(726,0.15884566712468853)
(727,0.15884340522108734)
(728,0.15883385820597581)
(729,0.15880038749338735)
(730,0.15885008119046617)
(731,0.158836910128572)
(732,0.15880474564498306)
(733,0.15885167349653878)
(734,0.15884215271803365)
(735,0.15882000889982473)
(736,0.1587950766770137)
(737,0.1587746271090987)
(738,0.1587982924731596)
(739,0.15878000620011037)
(740,0.15881858602867657)
(741,0.15881158558512976)
(742,0.158799839512634)
(743,0.1588011525462979)
(744,0.1588617263923072)
(745,0.1588379163955105)
(746,0.15888055319742794)
(747,0.15888008584032462)
(748,0.15888784510410103)
(749,0.15892782531444533)
(750,0.1589334093841216)
(751,0.15892862236189634)
(752,0.15891190592541976)
(753,0.1589395664048738)
(754,0.15899248813662617)
(755,0.15896961458035477)
(756,0.15896886094431287)
(757,0.15896285940830196)
(758,0.15893784676586606)
(759,0.15897832300121448)
(760,0.15896903208103233)
(761,0.1589775555734661)
(762,0.15900263313561266)
(763,0.15905376889030698)
(764,0.15900805426868406)
(765,0.15902342343185488)
(766,0.15906878056997248)
(767,0.1590298389996919)
(768,0.15903931907108865)
(769,0.15906468948155747)
(770,0.15910593099786177)
(771,0.15913683692947725)
(772,0.15908585886006932)
(773,0.15917808058138963)
(774,0.1591395958653156)
(775,0.15915339259747183)
(776,0.15918880731783158)
(777,0.15924391002171367)
(778,0.1592794339091671)
(779,0.15917990014078412)
(780,0.15929983014804674)
(781,0.1592417936128951)
(782,0.1592630417411763)
(783,0.15926475646462612)
(784,0.15925981256415458)
(785,0.1592154433882748)
(786,0.15926074475498783)
(787,0.1592501832092133)
(788,0.15922324980227454)
(789,0.15918503561922792)
(790,0.15923726191484652)
(791,0.159222722993541)
(792,0.15919061611951588)
(793,0.1592498908735451)
(794,0.15922985932904996)
(795,0.15923683877402836)
(796,0.15926204425000512)
(797,0.15926048000152407)
(798,0.1592550635765611)
(799,0.15923401342279972)
(800,0.15920176972747496)
(801,0.15925246941498217)
(802,0.1592421500882561)
(803,0.15921722895440082)
(804,0.15928368219278363)
(805,0.15923851587911036)
(806,0.1592579431490459)
(807,0.15926270329629896)
(808,0.1592752507137041)
(809,0.1593275052431358)
(810,0.15932733720609024)
(811,0.15930746665060594)
(812,0.1593217234563362)
(813,0.1593627782016651)
(814,0.1593339593958965)
(815,0.15936598942549463)
(816,0.15935671289261513)
(817,0.1593160802562903)
(818,0.15933645219463952)
(819,0.15933942734951492)
(820,0.15935012706233423)
(821,0.15937452933788585)
(822,0.15943865812311955)
(823,0.1593823527504277)
(824,0.15940443294271683)
(825,0.15939667762508722)
(826,0.15935761320501912)
(827,0.15936141459128575)
(828,0.15938389284513804)
(829,0.1593739327493945)
(830,0.15934787703533507)
(831,0.15938973332895764)
(832,0.15937471400681558)
(833,0.1593832936633691)
(834,0.15940876745114582)
(835,0.159462257561933)
(836,0.15940098854052476)
(837,0.15942276415587514)
(838,0.15942016380574137)
(839,0.1594074905428456)
(840,0.1593677714503504)
(841,0.1594193846918606)
(842,0.15940380599600765)
(843,0.15941156684336463)
(844,0.15943574739075894)
(845,0.1594901547560705)
(846,0.1594338947063265)
(847,0.15944967926349052)
(848,0.1594953685490159)
(849,0.15945120079438146)
(850,0.15945981785771335)
(851,0.15948243128753503)
(852,0.15951624562426378)
(853,0.1595301372257861)
(854,0.15945134123275445)
(855,0.15955409602608775)
(856,0.15951280200368012)
(857,0.159527405827193)
(858,0.15956780737092685)
(859,0.1595393332777607)
(860,0.15954573962097587)
(861,0.15954834817935193)
(862,0.15954433071416235)
(863,0.15952374751112222)
(864,0.15955673240985713)
(865,0.15954609043960521)
(866,0.15951782921143787)
(867,0.15956304844191332)
(868,0.15954725304065548)
(869,0.1595580494104535)
(870,0.1595893599714487)
(871,0.1595842166985023)
(872,0.1595647688173572)
(873,0.15957053958008324)
(874,0.15958824105493147)
(875,0.15964921851764127)
(876,0.15960173240115724)
(877,0.1596227703284236)
(878,0.1596175970798602)
(879,0.15959166977535594)
(880,0.15960182668317685)
(881,0.15964123879900788)
(882,0.1596112298370842)
(883,0.1596233056780092)
(884,0.15966132490391807)
(885,0.15963073888274013)
(886,0.159638437778547)
(887,0.15965948937537564)
(888,0.15969623062060262)
(889,0.1597387216621651)
(890,0.15973116150786792)
(891,0.15969919689985582)
(892,0.15977796828676247)
(893,0.15969933931955732)
(894,0.15977480607339642)
(895,0.15974429993495717)
(896,0.15974896271770941)
(897,0.15974795513352674)
(898,0.1597307852888089)
(899,0.15974958354805172)
(900,0.1597445938800882)
(901,0.15973048646821952)
(902,0.15970244681670165)
(903,0.15973353591602782)
(904,0.159727118462693)
(905,0.15971428712596522)
(906,0.15970921725172454)
(907,0.15971009744202003)
(908,0.1597496445289161)
(909,0.15976480524259956)
(910,0.15976168484712644)
(911,0.15973501063711637)
(912,0.15973467327225763)
(913,0.1597794471579198)
(914,0.1597810164603546)
(915,0.15978769620000355)
(916,0.1598083825956954)
(917,0.15980665618072326)
(918,0.15981325039569572)
(919,0.15982704238665013)
(920,0.15983814005835856)
(921,0.15982075004642043)
(922,0.15984581116289143)
(923,0.15983666317119816)
(924,0.15984993216629312)
(925,0.15986482154732087)
(926,0.15989850445418435)
(927,0.15987587886269394)
(928,0.15988747151070426)
(929,0.15991799488362987)
(930,0.15997513854574294)
(931,0.15993808794935493)
(932,0.15995179489485833)
(933,0.1599762314437707)
(934,0.15997951083909562)
(935,0.15994451874441937)
(936,0.15995866607345552)
(937,0.15997199253844785)
(938,0.16000974189796696)
(939,0.16001236523500117)
(940,0.1599903054256557)
(941,0.1599855903004724)
(942,0.1599668528264414)
(943,0.15987307031920864)
(944,0.1593681985921131)
(945,0.15954463866135152)
(946,0.15935700455145108)
(947,0.1594596447071927)
(948,0.15943851175627713)
(949,0.15938872930250292)
(950,0.1594637859417218)
(951,0.15945725383540868)
(952,0.15943549134577364)
(953,0.15941992430646793)
(954,0.15948666695478717)
(955,0.15950039619503256)
(956,0.15952770826158064)
(957,0.15952747941932835)
(958,0.1594411199741438)
(959,0.15965537912396893)
(960,0.15943104236409605)
(961,0.1595690330910445)
(962,0.15950880253159533)
(963,0.1595200009205614)
(964,0.15954350986465018)
(965,0.1595709750298962)
(966,0.15952647184599977)
(967,0.15934661134366704)
(968,0.15978920765477203)
(969,0.15942122038958348)
(970,0.1596227521420978)
(971,0.15949842461861316)
(972,0.15953446116412523)
(973,0.15963999129373982)
(974,0.1597516778133092)
(975,0.15952391225368281)
(976,0.15964378615462738)
(977,0.15949030579827359)
(978,0.15959982306481202)
(979,0.15955269989825333)
(980,0.159464485831917)
(981,0.15942126520775335)
(982,0.15963851093609863)
(983,0.15947406794705138)
(984,0.1596901730371558)
(985,0.15952550613915978)
(986,0.15959061510242495)
(987,0.15958147068927309)
(988,0.15955354673534872)
(989,0.1595333829271362)
(990,0.15961469264120579)
(991,0.15961713622607704)
(992,0.15961208375252514)
(993,0.15959537908657495)
(994,0.15964946218345366)
(995,0.15955446221844363)
(996,0.15971154396893367)
(997,0.15958287076776773)
(998,0.15964306421884208)
(999,0.15963399883724008)
(1000,0.15961386173979522)

best val error :0.15679144966898362
